19979 785 1
10302 51 1
4112 38 1
9181 185 1
5921 7 1
18426 161 1
22655 7 1
13475 335 1
11796 27 1
22565 13 1
22681 33 1
4584 7 1
23617 186 1
4856 3 1
17202 9 1
11412 269 1
8269 7 1
9101 179 1
8989 35 1
23004 27 1
17265 557 1
8738 71 1
14153 373 1
20467 6 1
19385 7 1
11041 182 1
23938 46 1
25896 1075 1
9828 19 1
19006 3 1
20160 62 1
8797 172 1
19841 6 1
9617 92 1
6271 28 1
16887 3 1
11336 266 1
13745 13 1
16925 232 1
19828 782 1
5512 54 1
17514 33 1
11669 286 1
7153 1 1
17558 6 1
9010 19 1
13426 7 1
21083 870 1
4556 3 1
14124 3 1
7689 24 1
10276 92 1
16526 401 1
14680 413 1
15394 11 1
3889 9 1
15998 7 1
24574 997 1
12549 313 1
9228 7 1
15157 8 1
17235 610 1
12753 19 1
17235 611 1
4722 54 1
14216 379 1
11215 9 1
7129 107 1
11243 7 1
18873 3 1
17453 41 1
3021 7 1
24785 9 1
22776 7 1
19159 27 1
19159 26 1
10433 7 1
5472 7 1
6050 9 1
8328 6 1
8128 57 1
23853 9 1
8223 24 1
6275 28 1
16834 46 1
16834 47 1
17581 5 1
14977 19 1
17158 606 1
19774 194 1
15352 1 1
6442 7 1
4625 3 1
15420 9 1
14563 33 1
5247 25 1
10188 8 1
9549 92 1
19530 767 1
13375 39 1
11717 13 1
13047 326 1
7314 52 1
5267 52 1
5099 9 1
24194 9 1
13496 17 1
4395 28 1
6401 27 1
21138 3 1
7041 105 1
14558 252 1
18090 7 1
18090 1 1
18064 11 1
12109 29 1
10383 119 1
22502 56 1
24420 1 1
11221 261 1
21631 899 1
17017 7 1
15104 24 1
8988 20 1
20968 5 1
24411 24 1
9448 13 1
14326 394 1
5634 1 1
23264 51 1
9029 71 1
9248 53 1
14672 411 1
14129 42 1
25891 229 1
4495 33 1
6637 42 1
20133 3 1
10463 22 1
6644 7 1
15419 33 1
14725 300 1
19887 7 1
18575 51 1
18108 7 1
13381 28 1
10486 7 1
7922 1 1
24867 1041 1
25100 195 1
19297 71 1
6904 1 1
22167 450 1
23707 25 1
10225 75 1
2923 7 2
7048 25 1
4823 12 1
14810 27 1
5022 28 1
7871 67 1
19194 33 1
23863 49 1
21891 309 1
22243 92 1
24011 1014 1
15739 5 1
17099 319 1
21602 609 1
22255 300 1
15993 28 1
10456 3 1
18990 11 1
21817 123 1
5600 7 1
15564 25 1
11527 19 1
12856 25 1
18648 13 1
4221 9 1
5669 13 1
24248 1 1
12023 42 1
17991 282 1
15470 482 1
5319 9 1
17153 604 1
15830 185 1
16527 33 1
4733 2 1
16830 6 1
11672 287 1
18567 51 1
19147 13 1
16410 57 1
19279 8 1
8411 89 1
15568 26 1
23194 971 1
5305 9 1
15811 62 1
21441 3 1
14993 314 1
10468 221 1
23866 7 1
16440 20 1
9109 3 1
4968 9 1
22968 967 1
15308 31 1
21107 35 1
9342 24 1
15521 486 1
12708 17 1
4976 8 1
14069 367 1
8131 58 1
3179 7 1
21595 33 1
23007 9 1
5432 66 1
16304 7 1
3978 23 1
9978 27 1
18777 673 1
25668 9 1
15966 229 1
13330 7 1
20637 598 1
4573 7 1
4441 47 1
5954 7 1
23824 3 1
17534 641 1
7799 26 1
14293 392 1
7801 127 1
16463 7 1
19725 214 1
5115 6 1
6481 17 1
11208 7 1
11443 272 1
17634 3 1
24902 479 1
5694 19 1
16300 48 1
18840 51 1
10487 30 1
18901 9 1
11134 252 1
23533 94 1
24867 23 1
21711 905 1
4577 9 1
3141 9 1
4803 57 1
3373 7 1
10102 1 1
4010 7 1
10862 7 1
8618 1 1
15773 19 1
20952 3 1
10862 8 1
17199 7 1
24416 986 1
17654 13 1
23391 983 1
10001 9 1
24960 254 1
15472 3 1
11168 259 1
3575 7 1
17848 657 1
11319 264 1
17596 3 1
18567 7 1
15224 9 1
16259 6 1
19979 7 1
17163 7 1
20974 72 1
9207 187 1
19870 52 1
15339 273 1
19544 3 1
3569 3 1
4946 11 1
4376 26 1
18411 222 1
4672 7 1
7095 7 1
21403 196 1
19817 47 1
5118 42 1
19716 9 1
11850 22 1
9794 204 1
14769 31 1
17304 533 1
12229 26 1
21121 872 1
24851 93 1
6192 13 1
20938 614 1
20111 26 1
21014 9 1
10129 159 1
4074 3 1
20774 9 1
12455 79 1
10615 155 1
22509 94 1
20698 13 1
24799 36 1
17406 624 1
12857 120 1
3462 7 1
24828 323 1
15037 67 1
6669 92 1
20081 291 1
3523 7 1
3906 22 1
17949 11 1
13265 75 1
20617 9 1
19146 734 1
7009 7 1
7240 19 1
13787 344 1
18970 164 1
25640 148 1
17065 7 1
13389 11 1
24899 3 1
14096 118 1
18853 47 1
6429 3 1
19041 1 1
21335 9 1
22363 43 1
17108 598 1
19577 769 1
13839 328 1
10936 9 2
18282 683 1
14192 378 1
4199 1 1
20550 3 1
3344 13 1
9533 9 1
7914 7 1
21948 928 1
9788 93 1
9063 36 1
16743 49 1
2904 13 1
19528 9 1
19102 9 1
19102 6 1
4340 23 1
15922 529 1
15310 467 1
13440 9 1
7458 3 1
17151 9 1
15363 3 1
4530 7 1
7289 27 1
18097 672 1
16397 548 1
20785 7 1
20162 75 1
16777 9 1
16237 11 1
3042 9 1
21411 892 1
4800 9 1
9727 12 1
9910 49 1
4754 9 1
18792 89 1
15373 1 1
4426 23 1
15856 222 1
25272 26 1
9102 161 1
4798 9 1
7073 9 1
5310 62 1
3649 32 1
6833 26 1
13097 310 1
18995 6 1
10924 3 1
6240 24 1
21081 28 1
23222 72 1
17964 105 1
13845 8 1
7372 1 1
18111 3 1
17590 525 1
3540 3 1
15566 498 1
11607 13 1
17226 609 1
15356 1 1
6937 7 1
2696 9 1
2696 8 1
5476 22 1
19255 232 1
15484 19 1
15484 18 1
4343 11 1
16033 27 1
19753 26 1
9211 7 1
7530 56 1
18337 686 1
3977 22 1
22273 185 1
5443 13 1
24299 185 1
10847 93 1
19322 7 1
5395 19 1
12785 11 1
15546 20 1
24857 1040 1
21964 57 1
16823 575 1
6325 75 1
21780 8 1
21881 920 1
21881 921 1
21104 6 1
17192 1 1
8887 92 1
14800 18 1
4512 3 1
20008 3 1
15108 7 1
23561 998 1
18133 674 1
14093 3 1
8998 49 1
17371 622 1
4820 26 1
14624 408 1
19742 3 1
8822 91 1
24241 19 1
13801 1 1
21397 890 1
6584 6 1
24419 13 1
17003 584 1
13375 1 1
3636 9 1
21206 25 1
10253 89 1
25678 1071 1
5505 26 1
15152 47 1
18900 60 1
4792 7 1
15604 31 1
13781 28 1
19315 184 1
8594 7 1
10875 154 1
21963 56 1
7096 9 1
6748 9 1
14019 247 1
12541 7 1
2727 7 1
15383 13 1
14035 362 1
12803 6 1
9222 57 1
15832 28 1
13255 9 1
14762 24 1
3401 7 1
21599 13 1
10137 7 1
22503 62 1
15393 477 1
9288 3 1
3259 7 1
15652 18 1
19275 13 1
13619 72 1
14797 430 1
16803 572 1
20923 859 1
17335 621 1
13474 28 1
19343 52 1
15349 474 1
17015 219 1
8380 9 1
16224 119 1
5519 72 1
19762 9 1
14426 403 1
6323 62 1
3571 3 1
23867 23 1
22798 964 1
16927 3 1
23911 8 1
24085 6 1
21124 873 1
22658 75 1
22385 7 1
17144 9 1
7146 72 1
8388 7 1
8396 7 1
17524 639 1
17039 7 1
22366 942 1
16118 91 1
17100 596 1
16772 8 1
19064 24 1
5266 51 1
21472 6 1
6527 25 1
23776 72 1
19003 62 1
18388 19 1
7441 3 2
13886 17 1
20502 6 1
17933 8 1
12784 24 1
16140 92 1
9264 9 1
11701 252 1
21134 9 1
11282 67 1
18199 48 1
9601 199 1
15658 506 1
6231 7 1
7173 57 1
19261 608 1
5412 40 1
11033 92 1
19146 22 1
19146 24 1
18782 707 1
6117 9 1
14733 52 1
12670 11 1
7900 53 1
8961 74 1
19827 159 1
21708 72 1
8337 19 1
20176 40 1
20326 1 1
11518 17 1
13913 350 1
7054 8 1
19818 48 1
4747 6 1
5370 29 1
24959 252 1
12413 277 1
10392 120 1
13736 3 1
16947 9 1
4026 9 1
11826 13 1
22525 952 1
17901 285 1
18273 71 1
12705 8 1
6209 9 1
22749 9 1
7038 22 1
17932 52 1
19267 28 1
20079 59 1
19379 7 1
13418 37 1
11326 148 1
8661 9 1
13487 6 1
11761 24 1
5337 9 1
24467 72 1
24145 94 1
22779 93 1
13473 27 1
5386 65 1
12672 191 1
15629 328 1
10896 3 1
7331 89 1
8445 27 1
22450 9 1
9569 26 1
16447 6 1
25198 23 1
23537 53 1
20378 817 1
5319 11 1
2893 7 1
22593 955 1
15545 27 1
19285 3 1
21275 19 1
14682 27 1
8324 151 1
14131 8 1
6402 28 1
16456 51 1
12307 27 1
11244 9 1
15576 36 1
10669 57 1
18403 691 1
6289 7 1
20560 52 1
20871 1 1
5407 13 1
15954 7 1
11063 94 1
8840 9 1
19576 768 1
21305 8 1
6636 3 1
24816 1036 1
19199 94 1
8270 147 1
18172 7 1
12021 6 1
19559 22 1
5545 7 1
20638 836 1
18223 175 1
10535 213 1
24920 579 1
24973 28 1
3288 3 1
23834 23 1
14109 3 1
7855 26 1
22487 948 1
6624 9 1
18488 9 1
17422 62 1
21710 13 1
22481 945 1
17948 24 1
14258 384 1
20744 18 1
19294 7 1
13697 8 1
20169 27 1
23857 51 1
3226 9 1
18277 6 1
14922 442 1
13102 67 1
4517 7 1
8131 13 1
21081 868 1
8248 3 1
10832 238 1
5340 53 1
16828 9 1
20090 252 1
21133 7 1
18069 92 1
8816 9 1
8816 7 1
14930 7 1
19502 761 1
7338 3 1
24652 997 1
10029 7 1
24813 52 1
4493 7 1
11697 9 1
13962 353 1
3567 9 1
17079 51 1
24053 993 1
20144 7 1
12740 67 1
19204 741 1
18763 7 1
14778 7 1
16083 18 1
8399 157 1
19083 287 1
19595 66 1
19394 9 1
4911 13 1
4443 13 1
15741 18 1
18899 720 1
16799 33 1
6182 9 1
18377 282 1
11220 7 1
20628 831 1
13702 23 1
5687 19 1
15939 22 1
16259 546 1
6595 95 1
24945 34 1
7358 57 1
6613 3 1
12078 25 1
12680 161 1
17296 618 1
10481 8 1
19608 8 1
24962 20 1
17210 608 1
7112 7 1
4215 28 1
7746 119 1
10245 212 1
24187 49 1
12347 3 1
10489 3 1
8617 13 1
18843 46 1
20630 306 1
10489 9 1
19797 27 1
8603 9 1
17058 57 1
3167 7 1
13630 13 1
15520 293 1
9231 9 1
19823 3 1
11329 6 1
9490 9 1
22260 3 1
4881 9 1
18199 23 1
25033 522 1
6955 71 1
21714 899 1
6487 79 1
15271 25 1
11719 13 1
19573 1 1
23291 972 1
17149 27 1
3203 3 1
17443 632 1
25640 8 1
19898 52 1
17673 164 1
10465 212 1
11723 24 1
12752 1 1
10221 62 1
20197 9 1
18712 673 1
6102 9 1
5265 18 1
15300 339 1
11791 22 1
20837 851 1
4977 9 1
11599 67 1
8639 12 1
8766 170 1
9566 25 1
16765 26 1
17084 25 1
10187 52 1
21001 11 1
4059 3 1
23367 983 1
19082 50 1
15311 48 1
14860 181 1
23221 549 1
10343 85 1
15458 303 1
14247 383 1
25120 1055 1
7051 52 1
15113 53 1
19870 787 1
15982 533 1
20718 6 1
4568 13 1
6635 9 1
22421 7 1
5398 66 1
24293 9 1
7650 7 1
15267 462 1
7134 9 1
11526 1 1
23531 3 1
15935 8 1
4421 7 1
20178 33 1
19296 11 1
15536 492 1
15536 491 1
11330 7 1
23021 886 1
13940 7 1
20914 15 1
10113 7 1
16462 3 1
4914 51 1
24655 30 1
10831 182 1
15577 17 1
16310 326 1
13348 164 1
18992 66 1
23368 981 1
18017 671 1
17374 18 1
14667 338 1
23845 1010 1
16789 52 1
18163 676 1
12674 7 1
14978 9 1
24827 639 1
17290 7 1
15201 455 1
21882 922 1
15127 33 1
12866 13 1
21381 887 1
18521 9 1
8166 1 1
12495 7 1
18900 164 1
12495 5 1
21391 36 1
24812 51 1
7313 9 1
14513 51 1
14780 429 1
23216 7 1
11184 260 1
21727 907 1
18376 19 1
9195 9 1
15329 11 1
12649 320 1
3388 9 1
13424 26 1
7798 25 1
15798 522 1
10353 19 1
22639 7 1
25841 1073 1
24852 57 1
8914 91 1
5404 7 1
9025 27 1
14838 18 1
4442 48 1
4736 55 1
10260 91 1
21334 7 1
18741 117 1
14065 7 1
2993 9 1
8839 7 1
7145 49 1
15669 513 1
21461 13 1
3558 9 1
8191 6 1
5492 39 1
17219 17 1
6887 3 1
19858 785 1
21039 1 1
19572 94 1
5518 71 1
14354 229 1
11159 23 1
16886 84 1
14016 350 1
9843 27 1
15700 72 1
18532 11 1
17816 164 1
24869 27 1
25018 79 1
11790 289 1
20662 3 1
10912 28 1
13858 6 1
11064 1 1
25193 1057 1
19804 11 1
17639 51 1
15677 40 1
21601 897 1
18801 712 1
12749 76 1
18191 678 1
8512 7 1
18072 183 1
18072 186 1
7848 27 1
24922 1047 1
6495 13 1
17095 595 1
8986 79 1
16269 550 1
19189 25 1
21893 13 1
22432 24 1
24409 1030 1
19243 51 1
5828 9 1
5667 33 1
24943 51 1
5438 7 1
4801 56 1
23708 26 1
17530 36 1
14947 9 1
10371 9 1
4198 13 1
21348 71 1
8627 163 1
14490 9 1
3841 33 1
17929 666 1
10722 7 1
13126 120 1
20129 94 1
5023 7 1
21398 891 1
15318 6 1
9813 17 1
8367 19 1
14979 25 1
4930 7 1
10767 7 1
24573 18 1
15613 33 1
20838 852 1
5513 11 1
6306 86 1
15819 19 1
21397 9 1
19886 92 1
7687 7 1
4042 1 1
20691 181 1
4042 7 1
19161 28 1
23497 991 1
8713 28 1
7173 13 1
25547 7 1
24189 50 1
22398 9 1
23129 13 1
25759 5 1
5565 12 1
19590 229 1
20918 6 1
18773 189 1
15321 18 1
13439 7 1
11507 9 2
4549 9 1
5188 46 1
25044 7 1
15016 19 1
17449 634 1
4482 50 1
7287 53 1
8206 3 1
15537 493 1
17151 533 1
23723 24 1
18893 19 1
6730 97 1
24975 30 1
17191 13 1
5523 7 1
12898 196 1
19911 789 1
20285 9 1
23540 7 1
24429 35 1
23540 1 1
11704 52 1
7010 9 1
6906 58 1
16378 154 1
10219 35 1
15973 402 1
14832 435 1
6638 8 1
13413 36 1
23412 972 1
11615 9 1
3984 7 1
14155 375 1
18545 9 1
6799 51 1
17019 559 1
16918 11 1
22026 3 1
8506 88 1
20698 841 1
8226 3 1
12546 9 1
19128 53 1
18531 24 1
9885 207 1
20109 164 1
19751 9 1
6831 25 1
22489 949 1
5407 7 1
17456 8 1
14029 358 1
6488 5 1
22185 1 1
6488 7 1
20083 36 1
15398 3 1
5407 9 1
3988 9 1
19391 287 1
13242 67 1
3617 9 1
14829 12 1
17926 665 1
5322 7 1
19759 7 1
5241 13 1
15327 3 1
4922 7 1
20338 503 1
4690 3 1
8192 8 1
24942 49 1
14111 8 1
15035 3 1
4159 7 1
4334 22 1
24873 11 1
22956 11 1
21808 913 1
22488 55 1
7828 24 1
3080 9 1
8608 24 1
4543 7 1
10327 72 1
24162 1022 1
9293 7 1
17455 635 1
9275 11 1
19168 154 1
5096 7 1
22942 3 1
6558 7 1
20947 8 1
14357 19 1
15800 31 1
15605 134 1
20728 13 1
15554 57 1
3831 9 1
5088 9 1
22246 6 1
3831 1 1
8397 9 1
17192 174 1
21276 20 1
11320 57 1
11567 9 1
8554 160 1
14816 23 1
16822 291 1
12655 36 1
15840 523 1
8755 74 1
18379 283 1
20928 119 1
10888 7 1
5364 63 1
23448 184 1
9263 7 1
21054 3 1
13918 25 1
14230 52 1
25030 175 1
19265 7 1
20975 866 1
18857 27 1
24941 6 1
24944 8 1
20866 549 1
21433 894 1
7835 66 1
15662 18 1
10727 9 1
9167 57 1
17725 92 1
6693 60 1
8377 8 1
14200 31 1
19602 67 1
14965 49 1
23862 1012 1
2986 7 1
7635 7 1
14095 368 1
21000 24 1
19808 71 1
21773 51 1
9203 3 1
11224 7 1
16869 7 1
12909 1 1
4721 22 1
4612 7 1
24838 25 1
18115 212 1
21304 882 1
18137 52 1
9880 51 1
20739 11 1
15678 41 1
5336 7 1
19248 94 1
5249 7 1
12687 9 1
12796 3 1
7402 3 1
16763 83 1
23900 57 1
19241 3 1
2816 13 1
16111 1 1
12405 7 1
20912 856 1
5933 9 1
19169 18 1
17462 637 1
16726 26 1
12531 278 1
9397 33 1
15377 51 1
24213 35 1
20248 807 1
7201 62 1
12816 7 1
13827 19 1
9235 7 1
9818 13 1
6830 9 1
3186 9 1
18528 180 1
19155 11 1
15720 1 1
5923 9 1
18768 704 1
23005 28 1
18170 55 1
18084 3 1
7071 7 1
11153 257 1
11153 256 1
15340 274 1
8423 28 1
18334 326 1
20199 161 1
18613 110 1
17898 159 1
17287 9 1
20092 49 1
14704 415 1
11256 12 1
24866 46 1
8362 18 1
15612 13 1
9088 98 1
10690 7 1
24048 47 1
11790 9 1
14702 414 1
18944 7 1
15324 13 1
8443 17 1
6485 91 1
6717 72 1
17556 6 1
20283 810 1
19711 7 1
10851 239 1
8881 89 1
15518 252 1
10283 1 1
25401 124 1
8859 174 1
4560 22 1
12601 9 1
6631 9 1
24495 7 1
18116 194 1
18548 525 1
13961 352 1
19908 783 1
23913 12 1
17219 1 1
24231 29 1
10263 8 1
13589 7 1
20045 797 1
13408 9 1
13408 8 1
4578 7 1
19059 67 1
7725 3 1
12615 7 1
12459 13 1
19194 1 1
15339 18 1
9679 199 1
21127 148 1
10027 11 1
21078 175 1
13327 6 1
15401 121 1
20615 9 1
11099 249 1
11099 248 1
15520 94 1
21069 18 1
22230 3 1
10445 7 1
17095 7 1
19016 728 1
9238 7 1
5495 69 1
23384 17 1
19719 22 1
21170 173 1
15121 7 1
11502 7 1
20137 13 1
15970 94 1
12130 13 1
20738 24 1
11142 254 1
21721 906 1
18134 224 1
13944 1 1
13944 7 1
4254 9 1
14243 1 1
10459 7 1
25051 160 1
17137 602 1
19082 92 1
14806 27 1
21001 53 1
14430 404 1
4009 1 1
22963 8 1
20195 804 1
9344 23 1
8597 51 1
10348 91 1
16550 560 1
13023 9 1
18399 689 1
14680 9 1
23030 3 1
17006 18 1
16486 7 1
19154 24 1
19479 27 1
13394 3 1
13832 27 1
19214 742 1
6462 13 1
14264 390 1
20108 9 1
17148 195 1
8348 3 1
18909 25 1
9031 72 1
8429 7 1
15491 437 1
9783 7 1
21384 121 1
24130 326 1
22931 369 1
2959 16 1
20031 71 1
5334 22 1
16645 41 1
14333 22 1
20290 153 1
17071 3 1
25301 421 1
17071 1 1
8760 18 1
10456 219 1
21315 885 1
8401 17 1
21241 564 1
18787 708 1
9350 24 1
2894 9 1
13785 9 1
7177 71 1
25316 36 1
12336 7 1
10496 69 1
4095 7 1
7147 3 1
8997 28 1
19004 726 1
19051 36 1
17441 630 1
17773 175 1
5392 18 1
24865 254 1
7025 56 1
20578 72 1
20047 481 1
12751 8 1
16603 3 1
11431 94 1
10014 3 1
18277 682 1
4669 13 1
23498 992 1
19367 145 1
24453 71 1
15816 236 1
6338 3 1
24366 421 1
23254 25 1
5063 7 1
14878 438 1
14878 439 1
7084 3 1
24248 13 1
2939 3 1
16915 47 1
21430 9 1
8500 55 1
17577 36 1
22954 965 1
24221 1025 1
9163 9 1
13842 3 1
17983 554 1
12332 119 1
4701 3 1
19894 3 1
8156 52 1
2758 3 1
15668 7 1
23724 11 1
8623 57 1
23033 13 1
10561 186 1
24822 49 1
21296 252 1
5000 19 1
25001 72 1
10613 228 1
22490 950 1
6494 11 1
14967 152 1
18875 25 1
20729 1 1
8940 92 1
25842 161 1
15498 311 1
6998 103 1
6279 9 1
12249 7 1
20224 287 1
24575 19 1
10948 241 1
25074 1052 1
10266 9 1
14873 195 1
9536 9 1
21926 926 1
7696 13 1
14761 42 1
16963 50 1
22226 92 1
13507 13 2
25670 51 1
17913 9 1
23859 116 1
11608 195 1
9248 7 1
7419 117 1
8507 7 1
20019 3 1
8383 156 1
12650 321 1
5271 24 1
14410 52 1
18774 706 1
12496 9 1
16644 59 1
4646 9 1
20129 214 1
14548 116 1
4394 27 1
8179 9 1
5974 7 1
11806 7 1
20720 1 1
14099 23 1
11635 7 1
20564 28 1
4468 7 1
18518 7 1
16678 17 1
20656 837 1
18132 8 1
10422 53 1
13978 357 1
20605 57 1
17293 9 1
4787 3 1
4562 13 1
21640 898 1
17624 7 1
6981 102 1
9632 200 1
15084 118 1
17678 554 1
19871 76 1
9036 27 1
5379 17 1
3314 23 1
4797 7 1
17706 653 1
5547 7 1
16834 8 1
18589 133 1
11650 25 1
16961 9 1
19304 9 1
10282 13 1
3256 9 1
12205 33 1
8861 13 1
18088 13 1
22171 107 1
12950 128 1
14289 19 1
7287 13 1
18893 52 1
13986 94 1
11173 7 1
16773 570 1
14514 52 1
24898 1042 1
14790 50 1
10446 218 1
13488 76 1
10114 212 1
20597 107 1
17666 7 1
23002 13 1
19251 25 1
3317 24 1
10455 58 1
25557 1065 1
10958 51 1
14126 51 1
7137 56 1
18503 517 1
21024 9 1
22474 7 1
18076 164 1
4342 24 1
18574 3 1
16658 565 1
23869 24 1
19824 7 1
7653 9 1
17143 7 1
7587 17 1
13309 296 1
24998 71 1
15277 20 1
18350 339 1
8404 3 1
24622 25 1
12033 295 1
16883 299 1
6193 85 1
19606 770 1
18907 24 1
11333 9 1
11238 8 1
5891 8 1
5891 7 1
24946 35 1
15613 1 1
11609 281 1
16709 282 1
17045 586 1
25013 19 1
18247 13 1
15186 119 1
20643 3 1
10473 222 1
9506 194 1
18273 680 1
5425 3 1
18117 9 1
16150 26 1
20716 94 1
10733 9 1
13840 28 1
7547 9 1
9219 51 1
19854 9 1
11086 246 1
18868 47 1
4557 3 1
10227 30 1
15305 3 1
19427 117 1
14159 122 1
8545 7 1
19259 1 1
5890 62 1
16797 13 1
23217 975 1
24626 26 1
16304 11 1
8020 139 1
4761 36 1
17410 52 1
7371 13 1
19269 750 1
16457 11 1
24428 105 1
14115 371 1
18043 134 1
9644 9 1
4268 13 1
15310 195 1
11866 190 1
6409 3 1
20298 812 1
13990 359 1
12118 18 1
25897 1076 1
19039 13 1
7596 36 1
24395 92 1
7318 24 1
13895 28 1
13834 17 1
16493 42 1
24371 314 1
21951 929 1
21105 23 1
20234 162 1
19171 738 1
11146 24 1
24906 26 1
22777 9 1
19017 9 1
10723 222 1
23576 91 1
5473 9 1
23576 94 1
17580 79 1
15351 94 1
4043 9 1
14294 393 1
21935 927 1
11145 22 1
2942 7 1
14186 8 1
12204 28 1
17692 71 1
6443 9 1
2678 4 1
3499 19 1
15421 1 1
15421 7 1
17471 1 1
5251 9 1
10026 24 1
19320 3 1
18734 206 1
17409 51 1
25650 1070 1
20675 837 1
17444 633 1
7992 135 1
21094 7 1
2939 9 1
2670 3 1
21049 18 1
15153 451 1
19625 25 1
19294 24 1
19852 91 1
7088 62 1
3182 9 1
19616 3 1
19344 1 1
18613 11 1
18131 6 1
16136 8 1
5772 3 1
9456 3 1
19733 118 1
23541 9 1
22165 9 1
18299 283 1
19114 639 1
19152 503 1
14033 360 1
6489 9 1
4534 9 2
19303 9 1
20623 7 1
5481 7 1
15567 487 1
7466 7 1
19738 50 1
10803 7 1
21032 175 1
24645 998 1
9655 1 1
9952 19 1
19768 9 1
9649 3 1
6834 18 1
3618 7 1
4400 44 1
3618 1 1
23845 52 1
7453 55 1
18109 7 1
3610 7 1
4778 3 1
4319 1 1
23548 986 1
13168 120 1
14338 395 1
15428 17 1
10775 52 1
6020 8 1
17004 47 1
7923 3 1
19964 791 1
6020 5 1
17423 7 1
5247 7 1
6434 59 1
13444 333 1
15330 1 1
9896 210 1
4683 3 1
13593 3 1
14559 254 1
5684 18 1
6028 7 1
4500 9 1
23440 988 1
15481 485 1
20527 824 1
11788 288 1
12669 24 1
9820 18 1
3320 11 1
6801 52 1
14783 51 1
14409 51 1
19024 13 1
16036 19 1
9139 13 1
7729 7 1
25098 326 1
15109 9 1
16091 19 1
23248 13 1
5409 1 1
18292 57 1
3504 28 1
14960 52 1
17214 116 1
7918 13 1
9676 201 1
21866 918 1
9917 53 1
7030 27 1
19171 19 1
24049 48 1
4110 7 1
16521 283 1
5212 3 1
15548 338 1
19304 13 1
17825 554 1
9814 27 1
17008 19 1
4947 13 2
23267 36 1
7544 3 1
8398 9 1
8600 52 1
11855 23 1
17400 9 1
23385 973 1
19463 36 1
13420 3 1
15959 9 1
22248 11 1
12412 307 1
17730 164 1
16913 580 1
16682 52 1
14037 33 1
19210 196 1
19688 180 1
5178 9 1
23131 110 1
15185 454 1
16423 26 1
23006 1 1
22360 68 1
16010 18 1
11364 3 1
17246 613 1
18066 91 1
12859 26 1
19783 159 1
24931 180 1
11225 9 1
23640 1004 1
10364 17 1
23451 973 1
5331 7 1
19187 51 1
12817 9 1
13511 7 1
18087 233 1
18133 42 1
8643 71 1
8352 3 1
17075 7 1
9787 9 1
24909 13 1
25255 25 1
5248 26 1
18228 140 1
25851 426 1
3826 13 1
7405 3 1
21774 52 1
15521 18 1
24946 50 1
15370 476 1
9436 72 1
6258 25 1
18868 719 1
21337 886 1
22602 956 1
4348 8 1
10323 9 1
3125 13 1
4237 9 1
4898 7 1
14284 391 1
9236 9 1
22484 946 1
18283 684 1
19582 116 1
20693 839 1
19880 91 1
5585 3 1
20273 49 1
4570 50 1
14727 3 1
15591 85 1
15320 468 1
13937 3 1
17534 33 1
20498 110 1
15057 13 1
13833 28 1
19079 26 1
4688 51 1
6030 81 1
14813 28 1
19287 94 1
4732 23 1
21077 180 1
19513 27 1
12460 1 1
12700 52 1
20198 123 1
17435 26 1
7323 11 1
19179 18 1
15626 29 1
19147 735 1
18841 52 1
18805 31 1
5341 33 1
10202 25 1
21382 888 1
14217 60 1
19633 91 1
18476 696 1
25081 9 1
18476 695 1
12867 1 1
17128 3 1
8886 91 1
8508 9 1
10385 9 1
24197 25 1
9827 9 1
11631 159 1
20616 7 1
15582 33 1
4743 9 1
8167 24 1
9269 25 1
8246 9 1
17771 582 1
24448 51 1
8480 56 1
8145 9 1
14875 196 1
6990 7 1
15665 33 1
8917 92 1
12837 11 1
15308 466 1
5521 3 1
8327 13 1
17660 115 1
9244 1 1
7571 76 1
8822 3 1
10941 1 1
13095 309 1
7574 33 1
5652 7 1
16687 13 1
15746 25 1
6251 3 1
9489 7 1
24440 238 1
20636 835 1
11137 253 1
20577 71 1
15600 27 1
13000 131 1
4958 7 1
14744 422 1
7833 3 1
15473 31 1
17040 9 1
20005 793 1
23025 9 1
22953 79 1
15678 27 1
19248 72 1
18599 3 1
17963 667 1
21721 555 1
5400 67 1
7027 57 1
14625 409 1
21580 1 1
17656 1 1
22003 931 1
16367 107 1
18709 73 1
7456 37 1
13441 3 1
6523 9 1
6472 8 1
9370 33 1
21129 9 1
19170 48 1
9862 17 1
21129 1 1
6903 13 1
15058 118 1
15690 517 1
8464 55 1
23233 8 1
8143 26 1
15325 3 1
20290 293 1
20122 6 1
24185 56 1
13555 27 1
23127 72 1
19378 752 1
19930 91 1
6180 7 1
13504 52 1
2839 3 1
18164 212 1
6244 17 1
4602 9 1
6752 57 1
11588 66 1
20971 9 1
19107 153 1
13797 23 1
22685 959 1
11911 183 1
4372 25 1
11746 6 1
17924 9 1
21934 8 1
5605 9 1
11576 276 1
9891 35 1
10328 9 1
24848 47 1
18588 698 1
16642 182 1
9240 9 1
19258 13 1
22042 3 1
21105 7 1
19886 11 1
19565 3 1
19271 52 1
4273 17 1
21555 895 1
15681 161 1
11793 35 1
13161 24 1
19962 790 1
19370 3 1
5256 19 1
15669 9 1
4658 9 1
18288 685 1
7174 1 1
7132 30 1
10818 181 1
3879 3 1
21691 7 1
15934 52 1
7291 62 1
18183 677 1
15346 473 1
7637 9 1
7106 7 1
21745 13 1
7540 57 1
10031 9 1
5437 9 1
9338 7 1
8411 154 1
19268 23 1
7229 1 1
10364 33 1
18919 27 1
3066 7 1
4297 18 1
20559 51 1
5040 1 1
21183 878 1
21600 1 1
25048 94 1
5970 7 1
17637 554 1
11944 156 1
23190 3 1
15668 512 1
14148 1 1
12802 9 1
20197 160 1
15094 193 1
7376 115 1
8386 49 1
3458 7 1
12301 3 1
5273 11 1
11070 11 1
24910 33 1
3442 3 1
21443 3 1
13889 100 1
14043 364 1
10073 146 1
19201 1 1
22145 1 1
24332 1028 1
9535 7 1
13858 17 1
23389 9 1
9281 3 1
8119 92 1
15799 30 1
13390 11 1
20789 848 1
4469 9 1
19152 51 1
8808 36 1
21017 33 1
13379 6 1
18790 1 1
9150 181 1
19209 1 1
15348 124 1
9570 3 1
9411 52 1
6086 13 1
20219 1 1
10945 9 1
15709 51 1
16096 28 1
4407 3 1
6687 59 1
8164 3 1
15441 3 1
18007 283 1
12677 52 1
15455 9 1
4528 7 1
5544 3 1
3132 1 1
10931 13 1
8995 18 1
9320 93 1
12418 36 1
10517 28 1
15351 58 1
19488 134 1
13436 27 1
20971 13 1
24200 26 1
3914 23 1
9529 7 1
5302 1 1
8356 58 1
8356 52 1
11009 9 1
4272 1 1
18984 723 1
19621 66 1
9100 9 1
21665 27 1
23538 995 1
10683 19 1
17405 17 1
19164 67 1
8375 61 1
11480 58 1
10909 27 1
7039 9 2
9839 25 1
6927 9 1
25188 487 1
10639 9 1
9368 134 1
5176 13 1
23302 978 1
11646 164 1
4027 9 1
4291 3 1
6891 9 1
24959 50 1
21933 6 1
13864 24 1
15319 434 1
9242 13 1
13157 310 1
5900 53 1
17667 9 1
9395 13 1
10803 233 1
3467 9 1
21169 877 1
25764 580 1
3836 7 1
25674 11 1
23649 1004 1
12122 19 1
5281 7 1
16247 545 1
19539 7 1
11499 28 1
16764 568 1
25593 1067 1
5289 7 1
21013 7 1
7345 9 1
19412 110 1
19521 762 1
11318 49 1
15161 9 1
10631 156 1
17200 9 1
9853 201 1
20393 6 1
20493 745 1
20701 708 1
22397 7 1
14815 28 1
12499 33 1
15169 7 1
11042 49 1
12156 299 1
21597 896 1
24060 1017 1
23716 56 1
19158 50 1
20723 66 1
15175 9 1
18294 282 1
13967 355 1
17856 656 1
18653 8 1
15727 26 1
3612 9 1
17021 55 1
6594 94 1
15305 465 1
7364 7 1
11131 251 1
13963 354 1
13424 9 1
21111 24 1
19175 6 1
7034 9 1
4645 7 1
19861 7 1
16301 3 1
16503 76 1
23216 974 1
15532 35 1
16280 52 1
14722 417 1
14722 418 1
9790 203 1
17157 605 1
15732 31 1
22170 938 1
20784 847 1
8407 29 1
19413 6 1
18249 110 1
10711 9 1
18000 668 1
24359 62 1
9418 191 1
8200 72 1
15297 338 1
18827 714 1
20199 520 1
17067 9 1
6217 3 1
17067 3 1
15933 51 1
9550 190 1
5408 9 1
6463 1 1
5470 3 1
12791 8 1
18661 52 1
14106 369 1
24911 18 1
24475 1033 1
9527 45 1
14013 7 1
8764 169 1
15930 33 1
12448 3 1
5664 13 1
5000 36 1
16775 76 1
7360 112 1
3193 7 1
12706 18 1
19337 7 1
23193 9 1
21201 195 1
15275 136 1
9447 3 1
25187 486 1
22172 521 1
22034 936 1
8712 27 1
11758 76 1
17060 588 1
9731 13 1
17035 30 1
7050 51 1
19758 29 1
9238 189 1
15751 519 1
4563 1 1
16399 554 1
11248 7 1
23151 970 1
17106 3 1
24976 17 1
11547 3 1
4689 52 1
10618 229 1
12872 11 1
17523 13 1
24360 75 1
8228 1 1
15657 26 1
10186 51 1
17770 430 1
13807 137 1
10438 1 1
21699 94 1
24458 3 1
17647 650 1
9932 33 1
9129 1 1
25484 52 1
14882 440 1
6813 9 1
21084 871 1
16097 9 1
4657 8 1
19196 17 1
7863 28 1
14441 9 1
9698 9 1
17248 614 1
16662 566 1
4304 3 1
9121 3 1
15264 460 1
2798 3 1
4657 7 1
8420 155 1
11222 262 1
19816 51 1
19342 51 1
24924 63 1
17573 1 1
13590 9 1
25182 324 1
18036 171 1
15019 50 1
22143 58 1
7563 42 1
18274 141 1
13017 7 1
6059 9 1
6561 7 1
4286 1 1
3090 9 1
22018 934 1
15378 52 1
15756 19 1
15579 9 1
9398 3 1
8481 57 1
10436 13 1
23240 24 1
9127 89 1
11282 9 1
5607 17 1
23035 1 1
8761 3 1
8334 49 1
6874 36 1
3202 9 1
13703 49 1
21244 48 1
15267 33 1
15660 508 1
24066 12 1
24817 20 1
11010 3 1
18194 1 1
19179 54 1
18237 182 1
7061 22 1
18362 3 1
12008 25 1
9203 187 1
19299 7 1
24393 91 1
5517 20 1
19139 33 1
17893 11 1
14258 385 1
10860 240 1
2878 13 1
24427 324 1
15348 19 1
19717 778 1
14318 3 1
19007 94 1
19717 777 1
18044 24 1
20978 110 1
16520 13 1
19467 25 1
14735 19 1
22000 51 1
17940 25 1
17409 36 1
11640 283 1
16414 25 1
15588 12 1
15059 17 1
12604 3 1
6634 7 1
21750 911 1
8343 9 1
16306 9 1
10656 22 1
11663 7 1
23005 7 1
17900 284 1
16205 3 1
19581 222 1
15432 18 1
14826 26 1
14111 370 1
18790 709 1
8277 148 1
17608 7 1
20795 52 1
7288 33 1
23872 11 1
14014 9 1
5177 1 1
5177 7 1
24505 997 1
9717 164 1
15600 67 1
10440 6 1
6333 88 1
23256 26 1
12766 18 1
15607 1 1
18852 28 1
19021 199 1
22747 7 1
7031 28 1
11449 274 1
15097 3 1
3981 9 1
16410 8 1
15519 19 1
15921 13 1
7135 40 1
19469 26 1
20494 746 1
7169 28 1
4495 9 1
15311 435 1
7915 133 1
19930 57 1
9503 193 1
18748 54 1
24030 990 1
4897 3 1
15584 2 1
3105 7 1
19415 756 1
25015 20 1
17175 9 1
22106 602 1
19115 733 1
18502 227 1
2861 9 1
16867 578 1
24860 24 1
8058 140 1
11511 11 1
11319 56 1
21122 94 1
17107 597 1
9283 9 1
20625 9 1
11039 181 1
14391 105 1
20272 6 1
15638 504 1
20351 816 1
24159 998 1
23217 9 1
11708 11 1
19542 9 1
9194 7 1
12751 13 1
16262 11 1
20210 806 1
14175 46 1
7287 94 1
25514 1063 1
8247 92 1
22703 469 1
18803 570 1
24823 1037 1
3840 9 1
4676 26 1
15974 49 1
11001 92 1
20749 27 1
17874 659 1
22558 148 1
22364 44 1
23075 972 1
9606 72 1
23102 970 1
17679 13 1
10402 121 1
25203 24 1
22143 9 1
7291 28 1
14115 53 1
16788 51 1
23841 3 1
12146 298 1
4477 13 1
10487 3 1
7737 9 1
19271 11 1
11275 7 1
21791 161 1
20945 860 1
21278 7 1
3108 7 1
17570 1 1
3385 7 1
9757 155 1
12250 9 1
7132 7 1
19063 94 1
12345 9 1
23533 993 1
22157 7 1
8367 154 1
21030 62 1
13995 185 1
16531 241 1
5332 9 1
24244 134 1
19257 27 1
24361 380 1
18920 28 1
12375 302 1
14036 94 1
15337 123 1
12161 28 1
2823 9 1
17048 56 1
15607 79 1
21971 13 1
21215 879 1
15012 6 1
18773 705 1
6059 82 1
17512 6 1
4651 7 1
19238 9 1
10504 52 1
17677 651 1
13439 28 1
20195 7 1
14034 361 1
4738 7 1
18600 275 1
7203 52 1
11007 7 1
21126 7 1
21119 612 1
20291 154 1
6234 9 1
15676 17 1
3562 3 1
4722 7 1
18278 285 1
10776 8 1
15772 62 1
12219 88 1
14151 372 1
13910 349 1
20268 11 1
8166 28 1
18220 9 1
19172 11 1
21778 912 1
2896 9 1
10467 93 1
13508 33 2
11455 212 1
23534 142 1
16662 33 1
19527 764 1
19527 765 1
24098 1020 1
14786 52 1
21106 9 1
5658 18 1
20453 9 1
21711 1 1
15674 146 1
7195 14 1
11595 55 1
16468 9 1
23328 980 1
17533 13 1
12071 58 1
15923 530 1
19972 13 1
11110 246 1
22636 28 1
13783 7 1
18155 3 1
15764 18 1
3864 9 1
13783 9 1
4093 9 1
16841 195 1
22256 301 1
9804 19 1
15853 387 1
16916 48 1
14752 425 1
7107 9 1
9714 3 1
4548 7 1
8749 1 1
20136 608 1
10528 51 1
3626 9 1
19010 1 1
5824 7 1
16498 9 1
15601 28 1
9433 7 1
21291 9 1
21272 18 1
9631 57 1
16863 577 1
23040 901 1
9639 7 1
19243 747 1
18904 26 1
15355 9 1
14168 24 1
6582 9 1
11607 89 1
14788 20 1
5065 9 1
16855 98 1
4906 58 1
8580 9 1
11506 7 1
11164 258 1
19000 9 1
20071 799 1
15250 26 1
10032 3 1
19519 7 1
18393 688 1
17249 1 1
11707 24 1
19084 48 1
17559 46 1
10351 7 1
9547 189 1
8852 67 1
20325 478 1
3445 7 1
11335 265 1
14173 377 1
24206 47 1
7385 89 1
12908 13 1
5047 7 1
16179 41 1
9683 184 1
16952 22 1
12761 108 1
3617 13 1
15394 478 1
2907 1 1
17440 629 1
8870 7 1
17974 72 1
3459 9 1
15474 18 1
18038 27 1
10442 27 1
17476 638 1
18408 24 1
20780 344 1
6468 89 1
5826 26 1
13247 3 1
14787 49 1
13795 76 1
24063 717 1
4735 53 1
10292 123 1
7023 3 1
19202 1 1
14975 7 2
12992 81 1
10957 3 1
14116 26 1
14116 20 1
15036 36 1
21395 7 1
14742 18 1
23832 7 1
18793 1 1
18535 7 1
19106 11 1
12592 33 1
9101 13 1
14785 9 1
19885 24 1
22339 52 1
11440 271 1
16973 9 1
8498 9 1
9258 7 1
23097 115 1
24920 1046 1
19172 168 1
5268 22 1
15664 509 1
4655 23 1
8885 1 1
21462 1 1
6559 9 1
18404 274 1
24102 9 1
16031 19 1
16088 8 1
24955 26 1
4249 7 1
9115 7 1
9253 27 1
10870 9 1
19651 517 1
19278 1 1
12333 120 1
9514 196 1
19275 42 1
24247 13 1
2949 15 1
17892 24 1
15392 6 1
8928 30 1
6482 3 1
6950 1 1
10878 3 1
11156 140 1
19611 9 1
14672 7 1
4745 1 1
9131 8 1
18118 9 1
8533 93 1
19587 52 1
9131 3 1
10238 7 1
21666 28 1
12152 3 1
17091 594 1
11445 273 1
19912 92 1
15063 326 1
5745 13 1
24911 59 1
12376 303 1
16837 164 1
7689 9 1
15672 514 1
14824 24 1
16571 72 1
10558 141 1
5248 9 1
22529 136 1
22700 962 1
16159 26 1
9039 18 1
8996 27 1
17583 645 1
13374 94 1
13970 175 1
5731 49 1
14518 8 1
7151 50 1
16026 535 1
10076 193 1
7147 23 1
19647 91 1
22507 951 1
5647 53 1
22112 611 1
20751 28 1
5893 78 1
12870 47 1
19160 9 1
11073 245 1
8746 13 1
7796 125 1
15569 19 1
7203 75 1
9895 209 1
7326 9 1
22227 61 1
9348 9 1
25627 1069 1
18752 11 1
12494 1 1
22933 906 1
8876 9 1
4948 1 2
17201 7 1
24820 71 1
21967 3 1
6852 99 1
24040 1016 1
7111 9 1
24877 3 1
9616 3 1
14094 27 1
16083 538 1
21670 9 1
21034 3 1
21099 22 1
17391 29 1
6864 22 1
15774 29 1
14835 72 1
12816 33 1
18945 9 1
5295 53 1
21417 1 1
14485 9 1
5809 3 1
18869 48 1
14133 3 1
22181 93 1
21146 9 2
12565 238 1
25471 11 1
22797 1 1
24928 36 1
22679 958 1
21060 3 1
17865 282 1
7045 9 1
11506 89 1
19716 776 1
12748 322 1
21114 11 1
11250 9 1
6630 6 1
5471 3 1
9027 28 1
10360 9 1
19810 373 1
19862 9 1
11498 27 1
17054 27 1
3337 7 1
11610 196 1
20044 181 1
3137 9 1
3137 7 1
15919 52 1
15423 9 1
20095 60 1
6913 3 1
12431 3 1
18403 273 1
11919 20 1
14756 1 1
12496 13 1
15433 7 1
19611 7 1
10611 227 1
15013 173 1
6476 60 1
16110 94 1
19270 24 1
8705 110 1
15188 120 1
10444 9 1
22543 12 1
5627 75 1
19994 187 1
3985 3 1
21067 67 1
19632 707 1
4450 33 1
4987 17 1
3985 9 1
11038 155 1
25566 222 1
3509 3 1
8560 3 1
15726 25 1
10461 13 1
6095 9 1
20946 6 1
6888 7 1
6095 1 1
4115 13 1
10384 7 1
11695 7 1
22368 417 1
12416 308 1
17223 196 1
17883 660 1
17307 305 1
19338 9 1
20995 6 1
3184 7 1
22958 6 1
13823 18 1
19346 3 1
19077 22 1
25463 1061 1
19614 9 1
24943 27 1
8720 71 1
8211 22 1
6280 7 1
24545 18 1
15418 84 1
7415 116 1
10362 213 1
13395 7 1
21352 72 1
19380 7 1
18846 2 1
5022 3 1
11977 27 1
17442 631 1
7080 53 1
11764 18 1
14199 30 1
20918 55 1
13192 327 1
12667 6 1
3460 31 1
6629 7 1
4004 13 1
19242 19 1
10231 31 1
25003 19 1
8418 27 1
25211 7 1
18131 52 1
6812 7 1
17233 36 1
15473 484 1
4525 28 1
4808 8 1
13532 12 1
3589 3 1
20946 861 1
13824 345 1
18616 3 1
5027 7 1
7346 58 1
17216 117 1
21937 182 1
23561 55 1
13339 3 1
12812 13 1
6808 3 1
20166 66 1
21684 899 1
7333 3 1
17329 28 1
18857 116 1
24377 184 1
17421 5 1
16268 549 1
20637 326 1
17779 656 1
4937 9 1
23859 7 1
20165 33 1
16144 540 1
6716 96 1
4116 1 1
24514 6 1
13125 119 1
9958 28 1
9140 1 1
17533 640 1
14773 9 1
10760 1 1
6605 3 1
8685 165 1
8668 164 1
13796 49 1
4485 51 1
17396 623 1
7830 11 1
16827 7 1
14259 386 1
25357 123 1
12811 94 1
14763 11 1
6642 13 1
4964 51 1
14731 51 1
15943 1 1
13277 159 1
14145 53 1
21431 30 1
17113 13 1
11864 189 1
19298 9 1
16989 26 1
21879 212 1
3422 1 1
18853 674 1
3335 7 1
19783 51 1
14209 18 1
19207 195 1
20288 33 1
15523 19 1
16317 9 1
19171 737 1
19877 1 1
15654 25 1
15337 470 1
4425 22 1
15782 19 1
21166 52 1
11813 290 1
4979 3 1
18710 74 1
18374 672 1
15425 3 1
19244 7 1
8225 3 1
19443 758 1
15456 302 1
14070 173 1
3963 36 1
8636 9 1
23004 9 1
24079 7 1
12265 28 1
14001 1 1
24291 7 1
13822 25 1
8372 9 1
20566 95 1
6469 79 1
5516 7 1
17609 9 1
9410 51 1
18881 632 1
7570 13 1
15608 5 1
18912 314 1
16570 71 1
18876 52 1
8325 25 1
21811 71 1
19511 31 1
3106 9 1
5206 19 1
15829 27 1
15381 31 1
23071 57 1
19778 27 1
25401 997 1
22214 25 1
10981 52 1
6278 7 1
19148 11 1
24488 7 1
14884 116 1
17684 159 1
19416 757 1
23382 93 1
24861 11 1
18379 9 1
11138 8 1
24029 987 1
11807 9 1
17646 649 1
4494 8 1
16714 3 1
5654 51 1
10210 94 1
14005 11 1
8286 9 1
12328 300 1
10180 1 1
22184 120 1
16661 13 1
3576 9 1
22949 6 1
14068 51 1
9014 18 1
17625 9 1
17129 600 1
15223 7 1
4647 9 1
7191 9 1
14709 3 1
10783 236 1
18858 117 1
21924 7 1
25322 998 1
5908 36 1
23811 50 1
5430 9 1
5430 7 1
7365 3 1
15194 6 1
14337 39 1
9763 156 1
4114 3 1
19208 42 1
15834 9 1
20231 785 1
22037 937 1
17568 94 1
2913 8 1
2913 7 1
23876 8 1
24210 48 1
20211 521 1
13931 28 1
7598 9 1
11228 263 1
3853 9 1
15388 11 1
21121 33 1
8451 28 1
17101 14 1
7670 1 1
24191 7 1
24212 105 1
24032 1014 1
16470 282 1
8371 155 1
9567 19 1
19592 8 1
16917 24 1
12563 314 1
19226 745 1
10943 7 1
10943 3 1
6153 7 1
11650 285 1
5139 49 1
16880 52 1
10768 235 1
12495 127 1
19724 280 1
4523 9 1
15293 464 1
8382 3 1
12843 9 1
18894 20 1
18791 8 1
15747 26 1
21460 9 1
11373 213 1
20755 844 1
25758 79 1
12032 294 1
10708 7 1
11383 263 1
12005 293 1
24953 1051 1
8260 6 1
19148 736 1
13167 119 1
21510 131 1
14169 11 1
12581 9 1
20634 93 1
9034 9 1
12457 311 1
7228 13 1
13908 28 1
19247 19 1
3057 7 1
18116 9 1
18116 7 1
11161 1 1
15558 450 1
19953 7 1
25878 1074 1
6668 9 1
23860 47 1
12097 1 1
12163 26 1
16844 196 1
14068 9 1
15208 8 1
10773 51 1
21040 66 1
15708 75 1
19132 20 1
10769 9 1
5263 26 1
9051 11 1
10115 213 1
11680 110 1
15314 33 1
17644 13 1
23590 997 1
5396 13 1
21351 30 1
8704 52 1
15048 447 1
9348 3 1
19647 773 1
13005 83 1
19158 25 1
24848 12 1
19140 260 1
5039 13 1
9946 18 1
12333 301 1
18691 456 1
11367 257 1
18515 672 1
18011 670 1
15673 515 1
9009 26 1
5336 40 1
7166 17 1
5515 3 1
20452 7 1
15403 36 1
19073 3 1
24901 28 1
3310 22 1
19272 24 1
9863 3 1
10321 212 1
10321 216 1
14439 3 1
25119 1054 1
21165 9 1
17686 652 1
5669 28 1
11121 141 1
13362 7 1
16751 28 1
6589 9 1
13206 7 1
14888 117 1
8504 156 1
18516 426 1
10255 215 1
19203 94 1
4781 9 1
18789 94 1
19852 7 1
18428 472 1
6017 6 1
21693 9 1
3635 7 1
20590 149 1
7081 1 1
19236 18 1
10996 243 1
20628 195 1
13824 26 1
5665 27 1
17325 27 1
24873 6 1
12800 7 1
19817 164 1
23361 982 1
18798 180 1
22325 463 1
9206 71 1
21888 11 1
18658 1 1
14489 7 1
13801 17 1
6007 7 1
5435 7 1
21732 180 1
10414 9 1
17582 644 1
18550 7 1
4710 3 1
17446 27 1
19626 89 1
3619 9 1
15123 164 1
10690 27 1
11718 1 1
22663 22 1
24820 33 1
23595 92 1
10572 226 1
12834 20 1
24334 17 1
3611 7 1
19874 788 1
17266 3 1
17120 25 1
10443 7 1
19213 8 1
3000 3 1
6021 8 1
11039 61 1
19260 233 1
8557 24 1
2821 7 1
25019 5 1
24857 1039 1
6658 72 1
14100 148 1
6029 9 1
20321 814 1
19034 11 1
19447 17 1
18435 3 1
15949 50 1
10705 9 1
24080 9 1
8132 142 1
5086 7 1
15655 52 1
18532 36 1
20228 7 1
8907 92 1
17054 66 1
14095 13 1
4246 9 1
7049 26 1
10509 175 1
20335 125 1
21028 314 1
20232 9 1
25651 695 1
9502 46 1
5135 23 1
9824 7 1
12754 8 1
22657 62 1
7545 7 1
19334 7 1
20138 123 1
17310 620 1
17059 587 1
20313 1 1
2731 12 1
8221 94 1
9276 9 1
10502 25 1
22140 94 1
13163 11 1
17530 8 1
6824 36 1
18666 218 1
20223 159 1
15918 528 1
15746 518 1
13475 33 1
14254 18 1
14623 407 1
21166 876 1
5915 7 1
20045 182 1
24489 9 1
14204 3 1
8825 92 1
12490 13 1
6649 9 1
12679 9 1
17266 615 1
24150 324 1
12679 7 1
19301 7 1
22035 13 1
10239 9 1
14143 24 1
23069 56 1
19528 33 1
16561 7 1
23265 52 1
20907 7 1
7696 9 1
10328 213 1
20470 823 1
16094 7 1
19144 47 1
5372 2 1
18776 190 1
16873 9 1
18464 673 1
15705 62 1
6578 3 1
6520 7 1
10959 155 1
13544 28 1
4654 22 1
24068 1018 1
14669 410 1
13544 26 1
15833 7 1
21892 310 1
18711 22 1
3344 28 1
19216 743 1
15574 7 1
4236 7 1
17784 656 1
3089 7 1
10831 7 1
4367 3 1
21665 9 1
10423 33 1
14281 60 1
24118 3 1
24946 28 1
21689 58 1
21895 33 1
19851 8 1
16310 552 1
15653 51 1
10984 156 1
17152 28 1
25022 62 1
8502 155 1
14739 421 1
14739 420 1
24860 7 1
4491 53 1
3219 7 1
18451 9 1
24782 1034 1
5784 26 1
16313 7 1
11759 17 1
10411 7 1
17530 20 1
21995 930 1
25683 13 1
20881 60 1
8336 152 1
9836 114 1
17513 53 1
21426 7 1
20791 3 1
8608 3 1
24497 9 1
4914 1 1
11664 9 1
14231 24 1
16158 25 1
15123 9 1
9303 3 1
9303 7 1
25053 287 1
5021 27 1
6991 9 1
11133 212 1
14180 13 1
23889 7 1
20110 25 1
4635 9 1
13573 9 1
23774 1007 1
11506 213 1
7133 31 1
18714 28 1
21858 180 1
23875 42 1
10447 9 1
13528 35 1
5780 25 1
13632 33 1
24781 7 1
18448 7 1
19409 6 1
4742 7 1
4921 49 1
3986 3 1
18805 713 1
13543 25 1
13543 27 1
17570 612 1
15615 66 1
4498 7 1
12585 71 1
15699 20 1
8278 9 1
16869 12 1
15412 479 1
10891 25 1
11863 105 1
15612 502 1
12145 297 1
11789 7 1
9734 202 1
4490 3 1
16619 561 1
7200 51 1
6493 24 1
6502 92 1
7312 51 1
21316 3 1
10109 164 1
3339 27 1
19191 26 1
20532 95 1
19072 22 1
8437 7 1
5490 9 1
7702 7 1
14227 51 1
21128 874 1
15463 26 1
4938 23 1
19257 582 1
5272 19 1
25582 117 1
20155 7 1
25171 1056 1
12309 28 1
10358 13 1
13513 9 1
23719 47 1
22182 119 1
21951 124 1
21277 8 1
17444 6 1
6863 27 1
17489 164 1
3335 25 1
9222 9 1
15244 25 1
16826 6 1
18114 193 1
9363 1 1
10836 9 1
22494 949 1
24917 1044 1
21120 333 1
12676 51 1
17419 626 1
17419 625 1
12342 3 1
24171 1023 1
19752 25 1
9857 199 1
13493 8 1
2937 7 1
10321 7 1
20206 254 1
9301 27 1
19076 25 1
24688 18 1
24452 1032 1
16245 543 1
24779 62 1
24801 1035 1
6606 7 1
20184 802 1
8410 153 1
4964 1 1
20096 50 1
17378 19 1
14183 6 1
8264 8 1
18813 33 1
7723 36 1
19401 52 1
5185 9 1
7748 3 1
8470 120 1
7433 93 1
22110 3 1
13547 27 1
3886 7 1
21707 898 1
6825 7 1
5899 23 1
15719 58 1
23351 902 1
15922 1 1
12266 41 1
18853 59 1
20911 238 1
21207 26 1
22034 123 1
7360 13 1
16882 33 1
20291 811 1
24946 475 1
7664 121 1
20149 11 1
23861 9 1
11792 34 1
23003 7 1
10360 27 1
15265 461 1
16246 544 1
8045 141 1
13503 51 1
9165 56 1
3169 9 1
15983 33 1
22144 1 1
24382 92 1
21082 7 1
10434 9 1
23895 55 1
14196 59 1
23044 970 1
21887 24 1
16725 25 1
19150 8 1
24425 203 1
24851 56 1
3993 3 1
17781 642 1
21098 9 1
9777 92 1
21847 915 1
14129 31 1
20661 118 1
16301 24 1
9905 6 1
21601 24 1
18225 287 1
18820 7 1
18536 9 1
6592 24 1
5972 9 1
19529 766 1
9310 55 1
23222 41 1
13272 329 1
15454 3 1
15454 7 1
10350 18 1
7043 35 1
7854 25 1
23540 996 1
21482 128 1
13872 346 1
21202 196 1
22240 8 1
16866 286 1
21911 924 1
12132 1 1
4016 13 1
3625 7 1
21079 27 1
11252 1 1
8704 18 1
8394 7 1
8704 13 1
9999 7 1
16698 7 1
21822 57 1
19696 1 1
5234 13 1
7150 11 1
23693 1005 1
17184 50 1
19257 51 1
23139 973 1
8915 25 1
24451 148 1
8751 73 1
25731 19 1
3527 9 1
12604 13 1
8711 11 1
20613 7 1
14050 7 1
8320 150 1
16313 401 1
13755 17 1
10838 91 1
19860 72 1
18584 11 1
9816 28 1
2736 7 1
20396 820 1
21703 549 1
19045 8 1
7073 50 1
18875 51 1
13239 66 1
22696 377 1
18531 171 1
22980 8 1
25015 1 1
8326 26 1
20862 745 1
6573 93 1
25519 552 1
20267 808 1
23348 28 1
15415 11 1
10623 140 1
11310 72 1
21390 17 1
15160 7 1
10949 213 1
23198 7 1
6539 28 1
8210 146 1
14394 35 1
6236 1 1
10688 9 1
24930 6 1
15982 23 1
25633 6 1
10548 1 1
6657 71 1
19188 52 1
4422 19 1
9434 71 1
5506 70 1
19640 708 1
9616 91 1
16190 3 1
5427 7 1
17237 612 1
3375 9 1
19954 9 1
13372 3 1
9162 7 1
20440 821 1
7803 18 1
19696 35 1
10731 7 1
16698 81 1
14881 19 1
12278 9 1
3345 1 1
20231 577 1
18642 7 1
21058 19 1
18862 28 1
8285 9 1
8285 7 1
5143 3 1
25024 75 1
17534 1 1
7769 3 1
18999 3 1
14255 19 1
9889 208 1
18193 13 1
20929 120 1
20822 91 1
4967 52 1
10912 3 1
21289 93 1
13972 6 1
17288 616 1
15144 450 1
23863 170 1
12863 36 1
19061 729 1
18101 3 1
18430 473 1
22239 91 1
3502 27 1
11315 52 1
6848 9 1
25554 9 1
18844 715 1
7492 3 1
21398 75 1
10658 35 1
15624 26 1
19482 25 1
18644 141 1
10467 220 1
16095 27 1
3833 13 1
7771 124 1
18843 13 1
15447 19 1
8162 13 1
7097 24 1
8154 51 1
21474 1 1
17229 13 1
18214 212 1
8946 110 1
15736 23 1
25619 1068 1
4277 19 1
17833 642 1
8211 8 1
23328 981 1
18685 3 1
14087 8 1
14764 426 1
17149 196 1
24972 27 1
18277 284 1
10792 153 1
13136 124 1
10869 3 1
20147 48 1
18491 697 1
6873 50 1
10261 213 1
18535 9 1
23868 9 1
5975 9 1
14846 437 1
19818 52 1
15471 30 1
13934 351 1
16994 9 1
6639 3 1
11234 9 1
13446 1 1
22673 344 1
4824 3 1
6596 3 1
19721 11 1
5656 52 1
13388 24 2
8463 156 1
19030 1 1
19505 30 1
5804 7 1
8294 110 1
12083 26 1
10985 33 1
13428 9 1
17944 283 1
7448 3 1
4520 9 1
5432 9 1
4593 3 1
23797 92 1
3937 22 1
19977 92 1
7289 33 1
17937 282 1
12221 25 1
3128 7 1
21397 62 1
20972 71 1
19026 6 1
14000 94 1
13863 36 1
13133 66 1
14440 7 1
3950 35 1
12304 9 1
7764 3 1
5184 51 1
8791 3 1
19244 52 1
8897 7 1
19766 7 1
18471 3 1
22271 71 1
19983 792 1
9512 195 1
3405 9 1
25305 424 1
23384 7 1
10201 13 1
6058 7 1
8982 29 1
22455 19 1
18972 9 1
15312 13 1
10963 11 1
24220 1024 1
21236 55 1
5365 18 1
20864 582 1
22647 9 2
7445 9 1
16854 134 1
24501 383 1
12776 17 1
19068 730 1
9847 7 1
4570 1 1
7558 3 1
23847 1011 1
10485 148 1
4544 9 1
8657 7 1
7668 3 1
21939 25 1
20379 818 1
25293 401 1
8514 71 1
5242 33 1
9099 7 1
25398 123 1
21171 148 1
25780 9 1
17138 7 1
18854 716 1
11715 51 1
25651 17 1
18166 53 1
18589 27 1
9152 182 1
14232 11 1
19130 13 1
23332 17 1
23726 1006 1
18908 11 1
18229 3 1
19015 727 1
15109 449 1
15413 51 1
18325 3 1
22250 74 1
17592 526 1
25483 51 1
7381 3 1
21338 12 1
11140 213 1
11943 155 1
9009 171 1
23835 46 1
19808 28 1
20516 33 1
15055 9 1
7014 33 1
13483 9 1
5369 7 1
17230 333 1
2858 7 1
2681 5 1
17527 13 1
15386 24 1
14048 33 1
8550 6 1
16080 536 1
5494 27 1
17769 655 1
15816 18 1
5270 13 1
10331 9 1
10081 3 1
20961 862 1
15049 7 1
13893 9 1
4163 9 1
17013 574 1
5082 59 1
17973 71 1
20275 809 1
16943 7 2
8442 56 1
10524 223 1
13507 62 1
18910 721 1
20382 8 1
10944 55 1
14227 19 1
25502 293 1
5323 9 1
19169 47 1
10697 27 1
10345 26 1
7264 3 1
10728 7 1
15738 79 1
11746 13 1
12828 75 1
15252 458 1
2933 7 1
18547 52 1
11724 8 1
19343 28 1
10719 7 1
6269 27 1
9916 23 1
16312 553 1
15013 445 1
18613 140 1
9538 19 1
2740 9 1
16487 558 1
17074 589 1
22213 121 1
19281 8 1
20325 13 1
19745 7 1
19064 33 1
20697 9 1
17414 315 1
19355 235 1
10140 9 1
16650 564 1
16865 22 1
6356 31 1
18355 18 1
8392 155 1
19926 163 1
16366 554 1
5270 19 1
13328 8 1
17069 51 1
18523 517 1
22677 136 1
7068 75 1
19081 47 1
10667 56 1
14119 1 1
11695 65 1
25660 3 1
15788 29 1
13701 22 1
9863 205 1
3987 7 1
16372 3 1
4741 3 1
19715 62 1
7356 3 1
3109 9 1
8244 7 1
3109 7 1
19055 66 1
17334 599 1
8631 7 1
11296 9 1
15338 471 1
19154 6 1
12679 192 1
18398 36 1
23346 27 1
19973 1 1
20797 849 1
8337 9 1
8412 1 1
7293 75 1
8798 173 1
8337 3 1
15971 1 1
6101 7 1
10114 9 1
16719 9 1
12780 7 1
22785 963 1
20997 5 1
16838 48 1
20087 13 1
8812 7 1
17425 164 1
9646 13 1
23220 976 1
16881 13 1
4945 24 1
13540 3 1
11347 255 1
4650 7 1
13914 3 1
14103 23 1
24976 31 1
15701 58 1
3222 9 1
17042 3 1
16978 583 1
21710 904 1
8588 93 1
10670 17 1
18767 7 1
19382 9 1
20469 822 1
4656 13 1
7172 56 1
16082 19 1
8960 73 1
25213 9 1
10890 7 1
12777 47 1
14396 36 1
20867 746 1
14715 416 1
2817 1 1
9629 55 1
15265 285 1
20920 9 1
16153 50 1
19193 13 1
18655 13 1
20016 183 1
20967 9 1
15563 497 1
18608 701 1
25046 9 1
3450 7 1
24863 252 1
17429 159 1
11293 9 1
16974 430 1
21184 7 1
19690 49 1
24255 33 1
4600 7 1
15345 7 2
16641 181 1
12353 9 1
25681 1072 1
20106 7 1
8951 31 1
17922 7 1
21646 17 1
3010 9 1
6778 3 1
9221 7 1
2926 9 1
13782 7 1
21582 94 1
13875 9 1
4951 3 1
9360 6 1
25766 24 1
12627 9 1
18488 177 1
15671 55 1
3894 3 1
13836 27 1
19196 517 1
19197 13 1
9124 9 1
11508 275 1
24718 639 1
11998 7 1
6856 101 1
15427 9 1
20177 41 1
6917 7 1
10009 9 1
5284 3 1
25290 552 1
6237 51 1
17417 9 1
8402 3 1
16604 3 1
22338 51 1
10446 3 1
2934 9 1
5459 9 1
10025 52 1
12947 3 1
5415 7 1
3981 33 1
13851 1 1
22508 57 1
17084 591 1
8813 37 1
5182 3 1
5182 1 1
24450 993 1
14767 30 1
9274 24 1
13987 358 1
10692 9 1
6247 3 1
15630 503 1
22447 7 1
9276 91 1
12708 66 1
12323 8 1
22781 9 1
11715 33 1
6949 13 1
19288 1 1
19695 34 1
12609 318 1
14261 389 1
11237 253 1
12319 26 1
20714 3 1
18425 692 1
9204 58 1
20714 8 1
22800 33 1
18997 105 1
17462 19 1
5621 31 1
5370 9 1
24935 27 1
19044 25 1
17901 663 1
21324 3 1
21456 9 1
11814 291 1
23210 13 1
24019 134 1
9955 27 1
21711 68 1
19060 51 2
11147 11 1
19065 11 1
13465 334 1
8142 7 1
9065 7 1
8831 3 1
14954 18 1
16260 547 1
18129 213 1
15631 28 1
22147 7 1
23220 71 1
3405 17 1
16490 9 1
4276 18 1
9435 9 1
11636 9 1
13966 13 1
20998 79 1
20967 79 1
18681 9 1
25094 7 1
18606 699 1
24734 18 1
10320 57 1
16711 36 1
3880 3 1
20717 311 1
10700 28 1
24771 19 1
15361 115 1
9526 22 1
6965 23 1
12491 6 1
24457 52 1
7338 1 1
21073 19 1
11334 5 1
5274 34 1
18531 8 1
19016 7 1
12915 12 1
5822 3 1
19635 92 1
6008 9 1
10681 30 1
18367 1 1
16405 555 1
13382 24 1
14679 26 1
15733 22 1
11067 8 1
15311 196 1
19497 760 1
6483 6 1
4960 13 1
18880 3 1
23592 1001 1
16699 9 1
9304 25 1
14745 19 1
23618 187 1
24905 74 1
25070 7 1
10644 233 1
24949 6 1
3600 3 1
15114 62 1
14009 159 1
11160 13 1
23843 84 1
13952 153 1
7132 108 1
11055 214 1
19402 753 1
20011 794 1
7834 67 1
12449 310 1
15290 463 1
24955 1 1
24057 986 1
22152 9 1
22629 7 1
20991 309 1
24869 13 1
21019 7 1
19527 7 1
3851 7 1
9724 168 1
12774 324 1
10397 3 1
18829 438 1
23084 203 1
11749 6 1
24097 7 1
24224 36 1
23104 971 1
17218 13 1
10665 26 1
13786 94 1
24956 175 1
12456 5 1
16696 80 1
18679 7 1
3828 13 1
10492 3 1
22604 93 1
9032 7 1
7184 72 1
23483 56 1
18207 672 1
11545 56 1
9349 7 1
23626 1002 1
15543 53 1
22487 18 1
5719 3 1
6290 25 1
20972 33 1
7143 41 1
10344 25 1
8884 92 1
21454 7 1
19425 116 1
24583 7 1
13473 13 1
5450 9 1
5450 7 1
24630 31 1
18792 30 1
5555 9 1
13943 13 1
16961 581 1
9341 6 1
22199 24 1
16620 562 1
10706 7 1
22501 19 1
18850 27 1
20772 845 1
10935 7 1
19537 3 1
4023 37 1
6070 3 1
6745 7 1
3081 20 1
11649 284 1
15417 480 1
12825 7 1
24593 9 1
9982 28 1
12162 25 1
10661 27 1
3056 18 1
13209 9 1
7455 7 1
14094 116 1
7367 113 1
18795 193 1
7044 7 1
17010 50 1
6542 28 1
19380 92 1
11306 71 1
18509 28 1
14731 301 1
8546 9 1
14815 22 1
4643 7 1
24148 475 1
16570 9 1
14786 89 1
18766 30 1
13387 13 1
19131 13 1
25206 11 1
3336 9 1
23478 990 1
22223 28 1
13091 66 1
18563 51 1
5186 52 1
14372 398 1
20470 57 1
20917 858 1
18392 687 1
11109 250 1
2685 1 1
14435 405 1
17014 575 1
18391 337 1
21909 923 1
3398 9 1
7461 118 1
9023 57 1
10748 225 1
7554 51 1
15597 501 1
9475 7 1
21621 438 1
20633 834 1
17118 67 1
24138 107 1
13422 7 1
7693 7 1
19318 41 1
10774 11 1
19319 160 1
8176 144 1
17680 1 1
6094 7 1
22666 23 1
19331 7 1
22139 13 1
16829 326 1
18565 8 1
23722 48 1
10868 9 1
9445 3 1
19767 36 1
13865 11 1
25779 7 1
13383 11 1
22150 7 1
19695 13 1
23719 17 1
8321 144 1
4466 9 1
19062 201 1
22009 932 1
21578 94 1
15581 53 1
14816 433 1
20497 13 1
10657 34 1
6011 3 1
16308 13 1
18276 681 1
11363 9 1
17891 662 1
19027 3 1
12871 325 1
15531 8 1
18990 725 1
4537 3 1
9206 186 1
6597 7 1
14427 33 1
15629 28 1
4678 9 1
19626 26 1
6587 7 1
10630 7 1
19334 25 1
7710 7 1
19483 26 1
15283 453 1
5403 3 1
15814 75 1
7204 110 1
13882 347 1
5557 9 1
16804 9 1
6281 9 1
7644 3 1
3162 21 1
17121 26 1
2833 9 1
19090 8 1
6433 9 1
22187 13 1
11718 52 1
11728 3 1
12542 7 1
3381 9 1
21729 423 1
13897 348 1
18928 9 1
10874 153 1
20977 13 1
16261 24 1
17210 382 1
20146 47 1
19734 780 1
11720 1 1
5271 18 1
18224 59 1
5605 28 1
6423 3 1
16811 573 1
10681 18 1
12154 25 1
21668 7 1
22048 7 1
14772 7 1
24871 3 1
15562 495 1
15562 496 1
25341 119 1
7271 3 1
16976 582 1
23892 9 1
13708 23 1
15942 9 1
23861 48 1
6043 3 1
16841 58 1
19269 6 1
14398 400 1
14383 42 1
9732 89 1
19869 786 1
10723 9 1
24936 1048 1
24989 1006 1
12911 3 1
22796 94 1
15663 19 1
14051 365 1
6144 9 1
4674 25 1
21062 1 1
6114 7 1
19251 3 1
21123 1 1
17694 91 1
4482 22 1
11232 7 1
12891 161 1
4482 28 1
19993 186 1
14289 27 1
9267 3 1
20194 803 1
20218 3 1
12293 3 1
20218 7 1
20218 8 1
19607 771 1
9505 18 1
4616 3 1
3337 26 1
20207 56 1
18901 25 1
5175 3 1
15315 297 1
19245 8 1
19245 9 1
5181 13 1
8432 3 1
8258 91 1
10391 69 1
10716 9 1
14927 121 1
2853 3 1
20202 252 1
18993 7 1
24413 11 1
17463 20 1
10227 214 1
15571 311 1
19165 153 1
20032 72 1
18315 27 1
19245 71 1
9732 1 1
17076 9 1
6639 13 1
7698 1 1
4872 7 1
10319 56 1
15267 124 1
19109 154 1
24419 3 1
17095 315 1
23921 88 1
4202 7 1
19246 13 1
10330 7 1
3019 17 1
6802 8 1
6564 13 1
20589 827 1
5449 7 1
6120 7 1
14046 26 1
4738 13 1
9383 7 1
13561 276 1
25723 580 1
18188 673 1
18091 171 1
16116 161 1
25170 203 1
17157 9 1
25688 579 1
11152 255 1
5455 7 1
17577 6 1
6691 3 1
17007 49 1
14278 59 1
15901 527 1
8780 171 1
24051 8 1
8633 9 1
22247 24 1
15967 17 1
15328 24 1
7426 9 1
14400 401 1
16453 556 1
10894 26 1
12884 1 1
7808 128 1
8297 1 1
21547 310 1
3414 3 1
5337 23 1
6667 91 1
9004 34 1
22141 85 1
16695 33 1
9912 49 1
21967 369 1
25728 579 1
20669 838 1
22960 42 1
17592 52 1
6716 71 1
15671 19 1
11608 280 1
10565 224 1
13298 7 1
8358 8 1
8988 176 1
12868 3 1
9202 186 1
9693 7 1
12401 305 1
16942 128 1
6973 92 1
15300 47 1
12307 52 1
18285 673 1
4633 7 1
4633 3 1
12188 26 1
19061 52 1
8443 57 1
6471 90 1
6274 7 1
23387 985 1
11217 7 1
16000 9 1
3850 13 1
5620 30 1
15883 526 1
7835 19 1
21320 608 1
7735 7 1
20773 846 1
20177 89 1
7351 7 1
25044 13 1
24518 46 1
16718 7 1
6234 13 1
12596 317 1
4740 9 1
15671 511 1
20542 9 1
13890 101 1
20014 3 1
15603 30 1
11295 7 1
5570 9 1
13772 343 1
18487 7 1
21302 881 1
21338 123 1
9596 47 1
21640 87 1
11864 35 1
24792 19 1
21402 195 1
10750 9 1
6333 30 1
16279 51 1
25318 3 1
12587 72 1
19739 7 1
8334 7 1
17399 7 1
19453 759 1
19775 164 1
5126 13 1
18278 8 1
12318 25 1
13894 27 1
24822 72 1
5275 35 1
13032 7 1
15780 18 1
6866 26 1
8938 13 1
13525 51 1
24025 46 1
17417 8 1
18658 80 1
6041 3 1
13977 356 1
21747 33 1
18092 9 1
19241 93 1
17580 136 2
10082 3 1
20910 314 1
13390 7 1
19309 110 1
18383 18 1
10891 9 2
15594 500 1
25579 116 1
12535 3 1
9245 13 1
15631 67 1
5088 60 1
16866 23 1
13883 52 1
24906 901 1
15462 25 1
18888 51 1
20807 850 1
13557 28 1
20598 829 1
24771 53 1
19515 28 1
12311 11 1
12681 26 1
11724 11 1
22015 933 1
12529 3 1
13506 42 1
3451 9 1
23631 1003 1
19105 24 1
4315 13 1
5141 50 1
22581 9 1
25591 1066 1
16229 51 1
10980 91 1
20135 6 1
5670 1 1
22194 91 1
9263 28 1
18704 3 1
9867 27 1
18319 28 1
5626 62 1
16980 549 1
21749 3 1
18727 672 1
17451 59 1
15609 94 1
15598 94 1
15034 446 1
11530 18 1
8400 11 1
11333 79 1
5729 52 1
3862 7 1
21741 57 1
11067 24 1
3172 3 1
5746 20 1
14161 18 1
15495 1 1
21344 26 1
5287 7 1
14114 25 1
12599 7 1
18889 18 1
3409 29 1
4581 9 1
10281 86 1
2935 3 1
8070 91 1
14233 380 1
10353 9 1
10474 6 1
10531 52 1
14987 26 1
20811 55 1
9006 25 1
16793 7 1
12205 20 1
18016 62 1
16841 576 1
6827 7 1
7849 7 1
15727 3 1
19551 118 1
23058 971 1
13795 3 1
15895 9 1
14260 387 1
14675 412 1
25469 1062 1
22141 7 1
14260 388 1
14428 397 1
13527 105 1
13898 25 1
10693 7 1
22695 960 1
18719 29 1
10445 28 1
13396 9 1
20632 833 1
15964 17 1
6845 7 1
11545 19 1
17021 560 1
24873 28 1
14042 363 1
13565 338 1
10294 7 1
25104 196 1
20375 52 1
14122 36 1
16128 134 1
15980 409 1
20176 67 1
7587 26 1
5318 7 1
21243 47 1
16235 24 1
25666 7 1
8740 168 1
8611 11 1
18173 213 1
13332 9 1
9805 3 1
13378 27 1
14100 49 1
12384 304 1
11762 11 1
12612 7 1
23587 1000 1
11370 212 1
15012 444 1
13044 3 1
15659 507 1
11981 28 1
18998 35 1
19928 56 1
17423 628 1
6028 80 1
6966 8 1
19857 784 1
14128 52 1
8010 137 1
13304 9 1
10557 212 1
19400 51 1
16895 123 1
25095 9 1
20867 853 1
23848 7 1
11488 7 1
16971 7 1
9275 26 1
17693 72 1
12782 48 1
23558 7 1
17214 319 1
18143 24 1
3157 7 1
7002 3 1
10864 7 1
5402 20 1
21159 9 1
14210 17 1
10349 92 1
5723 9 1
15362 3 1
19273 11 1
18083 232 1
15522 487 1
18569 9 1
19335 9 1
11016 9 1
15522 488 1
12534 279 1
23125 71 1
15613 137 1
17531 7 1
13572 7 1
6501 3 1
8496 7 1
16148 9 1
3916 8 1
11822 3 1
13135 123 1
18883 7 1
18551 9 1
18551 8 1
11385 268 1
19625 772 1
11702 254 1
7181 7 1
23437 987 1
18871 58 1
13778 3 1
9049 79 1
16742 134 1
17109 390 1
22579 7 1
8794 19 1
20124 760 1
2948 9 1
17134 601 1
14060 3 1
17547 642 1
21040 75 1
20906 6 1
12344 93 1
9197 9 1
19868 51 1
7747 120 1
15552 28 1
8327 22 1
6964 22 1
17616 185 1
12409 306 1
24859 6 1
13919 26 1
23360 7 1
5282 9 1
14776 428 1
19201 33 1
12836 24 1
18648 3 1
21664 7 1
20091 254 1
21573 85 1
4819 25 1
17005 48 1
12331 3 1
19548 13 1
14553 117 1
18499 25 1
7638 119 1
11041 156 1
17240 9 1
16149 25 1
25012 18 1
17081 52 1
4640 7 1
20908 855 1
16151 49 1
13508 8 1
18799 711 1
19637 177 1
7037 7 2
20689 838 1
18017 75 1
20978 867 1
23548 997 1
15553 56 1
15330 469 1
9313 28 1
18045 11 1
22513 71 1
16191 13 1
12699 51 1
4116 39 1
12990 80 1
10359 212 1
11577 277 1
7362 1 1
7362 3 1
16861 3 1
16259 310 1
25829 6 1
4285 13 1
17565 58 2
9501 52 1
19201 740 1
10433 25 1
8650 7 1
19226 3 1
22518 175 1
7039 23 1
18472 693 1
11256 3 1
16756 25 1
5171 9 1
24930 17 1
13501 106 1
24829 1038 1
24871 118 1
19249 1 1
15916 51 1
18987 9 1
24802 17 1
14173 19 1
5127 33 1
8658 9 1
13263 328 1
21603 11 1
23358 36 1
3363 9 1
3465 18 1
11384 267 1
13562 277 1
15425 7 1
15357 3 1
17681 6 1
17681 7 1
22993 106 1
10532 224 1
10664 28 1
23357 639 1
12576 7 1
14728 419 1
8182 9 1
21642 900 1
10664 25 1
9345 11 1
20964 180 1
25778 3 1
21152 875 1
19324 9 1
24579 36 1
24002 19 1
16232 542 1
25504 33 1
9303 28 1
6546 3 1
16111 160 1
17173 22 1
11210 57 1
13715 24 1
15524 490 1
19251 33 1
17643 8 1
16359 148 1
12203 27 1
20742 17 1
19332 9 1
16859 6 1
19095 732 1
21115 614 1
4751 7 1
14564 243 1
6947 3 1
4427 46 1
9192 7 1
19406 754 1
8681 13 1
18878 8 1
9848 9 1
8634 7 1
13505 336 1
7057 106 1
15050 7 1
5556 7 1
19193 94 1
21144 7 1
20838 92 1
14370 36 1
18880 631 1
18505 344 1
6942 17 1
23817 56 1
15679 28 1
18275 12 1
15105 11 1
15364 435 1
20069 146 1
16143 539 1
7703 9 1
9697 7 1
5602 74 1
9697 9 1
19015 67 1
20132 1 1
20353 22 1
9452 85 1
15400 48 1
8619 13 1
4504 3 1
20699 842 1
24111 1021 1
12010 26 1
21390 889 1
16981 60 1
13206 67 1
14128 30 1
4697 9 1
19093 6 1
23381 984 1
18341 337 1
9482 3 1
7901 1 1
14045 25 1
19153 52 1
9602 71 1
9897 211 1
19807 3 1
22743 195 1
9294 3 1
14974 9 1
22372 943 1
5338 7 1
8898 21 1
11284 13 1
14102 6 1
3237 3 1
8319 149 1
7825 130 1
8705 19 1
4098 9 1
6048 3 1
7325 7 1
7207 111 1
21925 925 1
21835 914 1
20336 121 1
10755 234 1
19702 187 1
13263 3 1
22656 17 1
18800 46 1
10179 13 1
24451 1031 1
16742 159 1
5753 9 1
18758 46 1
11570 3 1
7556 52 1
12204 53 1
8009 136 1
19585 51 1
22190 23 1
10724 7 1
9278 7 2
11251 13 1
24410 110 1
8191 145 1
24829 3 1
22965 966 1
8731 92 1
6143 7 1
12543 312 1
14959 51 1
9442 92 1
11371 26 1
15910 13 2
2989 7 1
18096 7 1
10887 9 1
2650 2 1
19266 9 1
10692 28 1
20972 864 1
18656 142 1
11180 255 1
11221 9 1
18984 7 1
18590 28 1
24737 19 1
7159 9 1
17918 664 1
17854 658 1
21359 31 1
2693 6 1
2693 7 1
18243 213 1
20070 798 1
5510 2 1
16941 3 1
21700 71 1
9870 206 1
21432 893 1
3884 13 1
12091 13 1
3883 9 1
14098 117 1
6497 20 1
17563 222 1
7409 7 1
20799 8 1
15583 66 1
23306 979 1
15559 494 1
19912 1 1
9149 3 1
11700 51 1
10322 71 1
23795 91 1
18548 42 1
6123 9 1
15492 18 1
18740 116 1
3116 9 1
9384 9 1
4847 3 1
17166 9 1
5920 9 1
7352 9 1
21945 26 1
23208 9 1
11589 278 1
20312 13 1
5440 9 1
10073 9 1
12448 309 1
4585 9 1
5260 3 1
8576 3 1
10209 26 1
10488 31 1
21930 926 1
22200 11 1
3624 9 1
10984 13 1
17593 8 1
7879 69 1
18227 181 1
19258 20 1
19258 28 1
16049 28 1
6766 98 1
18409 11 1
17092 319 1
14380 6 1
15846 524 1
24110 89 1
22514 72 1
11747 33 1
11632 282 1
7664 3 1
15743 344 1
17512 159 1
15562 86 1
16859 13 1
4486 52 1
23874 6 1
13443 332 1
13483 22 1
20184 61 1
8329 46 1
24949 28 1
8861 175 1
4523 27 1
6124 84 1
22148 9 1
16285 105 1
19188 3 1
16202 33 1
24237 18 1
17589 647 1
5751 7 1
5603 27 1
25770 11 1
20233 784 1
13036 9 1
8558 11 1
6626 3 1
22719 886 1
18366 94 1
16971 55 1
15322 62 1
19354 751 1
23366 184 1
24530 998 1
17394 28 1
10842 3 1
4652 9 2
6063 83 1
4521 7 1
6608 9 1
15571 1 1
18713 27 1
25755 62 1
6777 3 1
16532 7 1
5414 36 1
8556 161 1
20953 7 1
18978 238 1
19187 67 1
19526 763 1
22188 940 1
9422 192 1
4727 8 1
8739 72 1
25249 1059 1
9346 26 1
11018 3 1
12004 292 1
22943 930 1
7342 7 1
8930 91 1
5525 3 1
12271 8 1
4789 9 1
4255 3 1
3979 7 1
7066 9 1
11797 28 1
5273 20 1
14861 182 1
3920 9 1
11546 57 1
21669 901 1
21669 902 1
11115 247 1
15521 20 1
7167 27 1
5399 17 1
6069 3 1
5444 1 1
20954 9 1
4691 13 1
16694 3 1
4691 18 1
21106 105 1
5375 13 1
11917 13 1
8416 69 1
13155 309 1
17640 52 1
16005 420 1
14224 319 1
24727 18 1
12652 17 1
12887 116 1
21859 917 1
11678 13 1
19774 25 1
3270 9 1
12499 289 1
12006 8 1
20969 7 1
17532 21 1
8985 1 1
10975 51 1
12164 28 1
20961 7 1
4212 27 1
16396 86 1
15100 448 1
16147 7 1
15622 25 1
14810 432 1
8934 92 1
12883 94 1
5517 9 1
19025 33 1
15554 339 1
17459 636 1
18612 702 1
20183 28 1
5368 19 1
6529 25 1
18940 159 1
4418 45 1
5568 73 1
14808 19 1
16654 62 1
8323 9 1
16926 233 1
9839 115 1
5421 68 1
20562 27 1
8981 94 1
13687 6 1
19298 72 1
19270 51 1
4086 7 1
9711 3 1
3623 7 1
18534 7 1
6828 9 1
22670 47 1
21700 1 1
20969 863 1
14108 89 1
19198 739 1
15848 384 1
18644 9 1
4220 7 1
5116 61 1
2718 7 1
2943 14 1
23577 999 1
4736 33 1
10324 7 1
21641 88 1
15303 30 1
9597 48 1
4732 9 1
14826 11 1
12680 25 1
9414 86 1
17286 7 1
7170 3 1
20913 857 1
24944 1050 1
17715 654 1
17091 26 1
25189 76 1
15156 452 1
16784 8 1
10370 7 2
10218 105 1
24780 75 1
25671 52 1
3446 9 1
20139 33 1
5044 9 1
22171 939 1
20148 24 1
6347 30 1
15568 499 1
4399 43 1
7597 7 1
17529 94 1
16273 60 1
15695 19 1
18206 679 1
5200 18 1
19797 1 1
19211 8 1
9588 198 1
8814 72 1
11509 24 1
2722 7 1
8138 25 1
11489 9 1
4985 1 1
23378 185 1
20545 825 1
23402 986 1
5955 9 1
5371 36 1
2970 9 1
8296 13 1
6805 26 1
15272 26 1
6562 21 1
6570 1 1
17581 118 2
25830 75 1
10465 9 1
14976 9 1
5720 7 1
20778 517 1
18206 13 1
24900 18 1
9708 9 1
21071 314 1
22184 13 1
15268 87 1
12564 315 1
19255 430 1
10941 212 1
10265 7 1
18272 3 1
13380 42 1
13400 17 1
15418 7 1
24925 64 1
11928 164 1
22676 549 1
4811 3 1
7444 7 1
9476 9 1
3557 7 1
9846 3 1
9852 199 1
24815 94 1
20896 854 1
22032 935 1
10863 9 1
6351 3 1
10863 3 1
20234 9 1
15519 254 1
19250 749 1
9694 93 1
9561 18 1
14678 25 1
18152 672 1
15929 13 1
10566 225 1
17593 648 1
24904 25 1
22171 13 1
12605 118 1
7311 7 1
24828 1028 1
17532 1 1
7029 7 1
14798 431 1
9844 28 1
16986 17 1
22495 950 1
14140 180 1
24872 24 1
9241 190 1
10391 7 1
15788 521 1
8804 66 1
20592 248 1
22189 49 1
19693 3 1
8333 18 1
17194 24 1
7690 11 1
22744 196 1
17663 3 1
20247 785 1
23357 6 1
6428 3 1
10362 28 1
8257 3 1
19078 731 1
14067 9 1
14067 7 1
14149 122 1
18569 52 1
4481 49 1
4693 7 1
23212 1 1
22618 27 1
25730 18 1
6502 3 1
9042 19 1
21434 895 1
12218 87 1
22365 941 1
15263 123 1
23359 8 1
13892 7 1
24099 8 1
11088 247 1
2711 10 1
23833 38 1
17615 13 1
15054 9 1
19700 775 1
21423 18 1
14832 71 1
5291 9 1
20522 6 1
9353 9 1
20324 477 1
19124 66 1
23887 52 1
9369 13 1
16229 120 1
13991 8 1
19529 9 1
11682 3 1
19803 781 1
17236 7 1
17762 283 1
7371 114 1
18956 3 1
18956 7 1
11781 3 1
4480 27 1
23717 57 1
6855 100 1
7299 20 1
16788 290 1
20712 57 1
15398 47 1
11255 3 1
7030 9 1
7770 123 1
11574 3 1
13792 49 1
4641 9 1
14181 20 1
5806 9 1
13432 9 1
19393 3 1
15717 93 1
14251 19 1
14400 118 1
4752 20 1
9702 201 1
12346 123 1
18104 7 1
23858 52 1
20164 53 1
22697 33 1
11941 26 1
7363 3 1
10373 1 1
7948 1 1
3077 13 1
10720 9 1
8722 166 1
5824 25 1
20601 830 1
9600 11 1
15346 9 1
4706 19 1
6569 7 1
21696 86 1
5170 7 1
15665 510 1
23036 968 1
23036 969 1
10917 7 1
15589 19 1
9840 26 1
16888 33 1
20787 9 1
20696 7 1
15702 185 1
21973 1 1
12204 94 1
10072 7 1
15675 516 1
15590 13 1
7797 126 1
14007 3 1
20131 800 1
21824 124 1
19155 8 1
17888 661 1
13850 13 1
6575 7 1
14822 25 1
14448 3 1
18660 51 1
5341 9 1
10008 7 1
14172 376 1
21313 884 1
21313 883 1
5452 9 1
6342 31 1
20177 9 1
20701 71 1
17056 463 1
18989 24 1
24783 7 1
9050 178 1
4999 3 1
18474 694 1
15471 436 1
9886 206 1
17981 548 1
19185 94 1
21740 56 1
23020 479 1
5264 3 1
21165 51 1
20283 7 1
8212 45 1
19234 18 1
24807 9 1
8224 11 1
15342 472 1
20131 238 1
10357 217 1
9849 72 1
14223 18 1
18507 670 1
18543 7 1
10166 164 1
15628 27 2
9802 18 1
22061 124 1
17306 619 1
17446 8 1
13526 52 1
20771 7 1
18145 675 1
25684 1 1
22530 110 1
7730 9 1
13407 7 1
3300 7 1
16162 3 1
16681 51 1
13417 7 1
19313 59 1
14065 366 1
11828 1 1
9694 3 1
11290 7 1
24657 31 1
8232 91 1
19419 73 1
15717 3 1
22476 9 1
15318 298 1
21158 7 1
5569 7 1
12352 7 1
12243 9 1
24879 17 1
9799 159 1
10458 55 1
7032 7 1
9599 24 1
6049 7 1
7621 36 1
21852 916 1
13874 7 1
16787 19 1
18769 189 1
24865 55 1
22464 3 1
21544 309 1
6616 7 1
7149 24 1
9295 9 1
16364 3 1
21185 9 1
19072 233 1
11730 3 1
17416 7 1
20368 50 1
8270 7 1
8270 9 1
5094 3 1
16907 124 1
14103 8 1
9540 18 1
12366 124 1
10052 145 1
10516 27 1
5242 1 1
8726 167 1
13318 299 1
20316 813 1
10846 92 1
17083 590 1
10462 1 1
15940 7 1
17684 9 1
5183 7 1
10682 31 1
21180 116 1
12854 119 1
16749 27 1
14698 149 1
10886 7 1
20629 196 1
15977 532 1
18900 7 1
18144 11 1
12773 323 1
24629 30 1
19825 9 1
17626 475 1
17946 582 1
20765 67 1
8371 7 1
7098 11 1
19181 3 1
17807 159 1
8551 159 1
2988 9 1
21833 733 1
9343 25 1
9343 22 1
21457 7 1
21111 3 1
7824 129 1
5173 3 1
21594 13 1
18927 7 1
19164 164 1
18876 1 1
7639 120 1
7158 7 1
17430 25 1
19816 72 1
16472 557 1
20754 566 1
9302 3 1
15981 18 1
20170 801 1
6154 9 1
11218 9 1
15553 134 1
5787 36 1
3125 9 1
7944 53 1
12238 7 1
3882 7 1
13001 82 1
17155 9 1
17155 3 1
17155 7 1
23273 977 1
17159 607 1
17149 7 1
2879 1 1
5709 9 1
12786 3 1
17590 51 1
4991 18 1
6015 23 1
9158 183 1
8291 7 1
4082 3 1
25049 1 1
3041 7 1
17055 28 1
16860 33 1
14771 427 1
24197 182 1
18082 8 1
23810 1008 1
20660 94 1
10538 140 1
15578 18 1
15911 33 1
12276 7 1
22287 57 1
21682 903 1
6687 3 1
15019 66 1
24987 18 1
23920 87 1
21155 7 1
7988 134 1
2745 3 1
22619 957 1
19284 3 1
24775 68 1
8556 13 1
11551 69 1
15169 453 1
5429 9 1
21856 75 1
19583 117 1
17171 7 1
4211 17 1
11015 7 1
6599 9 1
15244 457 1
16096 17 1
17658 548 1
24954 25 1
18985 724 1
22172 1 1
3445 30 1
12000 9 1
19813 82 1
25010 287 1
14734 46 1
12749 53 1
18672 81 1
8180 7 1
10372 13 1
16437 13 1
14083 41 1
7013 104 1
16879 17 1
19666 33 1
20540 7 1
20868 28 1
7917 9 1
8165 27 1
19795 53 1
6276 9 1
14144 11 1
20690 52 1
17429 8 1
9578 3 1
10752 8 1
14997 18 1
23851 8 1
22235 23 1
18980 722 1
10493 3 1
16771 569 1
11714 13 1
16539 9 1
14264 18 1
19099 7 1
21245 136 1
8357 42 1
24124 50 1
24898 1043 1
7065 7 1
24229 1026 1
17097 9 1
16745 39 1
4788 7 1
10387 58 1
8517 9 1
22635 27 1
7124 9 1
8620 1 1
15760 26 1
10023 51 1
18063 10 1
14939 7 1
8174 143 1
8564 162 1
18289 20 1
10686 7 1
5554 7 1
14562 406 1
13396 331 1
8916 26 1
14355 397 1
14355 396 1
14931 9 1
8817 9 1
15659 13 1
16944 9 1
19186 33 1
14238 382 1
2712 3 1
19413 755 1
19033 24 1
15387 1 1
20689 51 1
3566 7 1
10748 7 1
16524 7 1
8597 7 1
15531 105 1
18725 159 1
21580 623 1
24918 1045 1
22795 902 1
15370 30 1
19384 9 1
15334 19 1
22592 51 1
3919 7 1
10772 6 1
18856 717 1
3057 19 1
6593 11 1
14886 441 1
13657 246 1
22427 6 1
6642 1 1
16230 52 1
24860 30 1
21620 72 1
15269 88 1
20931 3 1
7126 31 1
13718 11 1
7913 28 1
24882 55 1
11054 23 1
11716 52 1
9272 6 1
15414 242 1
16988 25 1
24782 18 1
7709 17 1
7373 12 1
5630 53 1
14235 381 1
7460 13 1
21030 238 1
8366 153 1
8123 56 1
8329 27 1
8329 20 1
24463 110 1
21293 880 1
6301 26 1
10538 3 1
13794 23 1
22589 954 1
7152 13 1
16264 548 1
16774 571 1
18549 526 1
18089 3 1
9427 9 2
3059 9 1
15535 475 1
22657 9 1
20219 9 1
18050 3 1
21295 1 1
20143 17 1
23886 51 1
18564 52 1
9630 56 1
18821 9 1
16258 309 1
17251 3 1
15680 160 1
20221 3 1
20631 832 1
23506 3 1
10355 7 1
20599 56 1
11100 3 1
16784 18 1
11081 1 1
17393 27 1
9440 91 1
7005 22 1
16203 93 1
17586 646 1
3378 7 1
12326 3 1
16082 537 1
18757 703 1
15698 71 1
21747 909 1
21747 908 1
24847 26 1
22680 68 1
14831 434 1
19892 9 1
19203 65 1
12318 6 1
10418 6 1
16038 18 1
13780 27 1
7173 3 1
4657 1 1
20700 843 1
13799 13 1
10377 9 1
8292 53 1
17458 19 1
11524 18 1
15928 531 1
12310 3 1
4694 33 1
4124 3 1
11362 7 1
13564 337 1
13623 6 1
17195 11 1
22435 944 1
11174 9 1
2832 7 1
25289 495 1
2963 7 1
15322 8 1
19320 161 1
6432 7 1
4301 19 1
12543 9 1
5124 49 1
23886 93 1
8517 72 1
19029 94 1
20043 796 1
9246 1 1
17420 627 1
15264 459 1
6242 11 1
7586 25 1
6571 9 1
25078 1053 1
22049 9 1
8873 91 1
23242 11 1
6238 52 1
24367 91 1
9775 91 1
6956 72 1
10353 181 1
19812 375 1
19965 326 1
16758 82 1
18208 1 1
13949 9 1
21584 895 1
8228 36 1
4245 7 1
15203 456 1
15203 452 1
20907 311 1
14969 9 1
19313 6 1
10503 51 1
7298 13 1
7989 49 1
6330 87 1
12823 6 1
8703 51 1
18198 49 1
12306 51 1
19050 26 1
18198 47 1
13957 154 1
7361 9 1
7457 9 1
6972 91 1
15417 13 1
12002 164 1
7851 9 1
24957 115 1
13965 7 1
24862 147 1
20035 795 1
9130 180 1
19773 193 1
13370 330 1
4983 13 1
8494 3 1
23816 1009 1
22036 33 1
22672 48 1
5549 9 1
11190 257 1
13847 159 1
22747 300 1
15337 53 1
11613 7 1
9414 7 1
9414 8 1
17114 1 1
3254 7 1
21121 65 1
3387 7 1
7475 12 1
14201 9 1
18400 690 1
12679 160 1
19660 36 1
7471 3 1
8440 9 1
13881 51 1
19896 51 1
6198 7 1
10322 124 1
4779 7 1
17114 599 1
21787 3 1
9392 6 1
22486 947 1
10545 89 1
13613 71 1
16869 579 1
16186 541 1
17295 617 1
13913 7 1
4203 9 1
12144 3 1
14082 59 1
5936 7 1
24806 7 1
4161 7 1
12127 296 1
24367 424 1
17150 381 1
15785 520 1
23536 994 1
12804 46 1
13576 341 1
11076 13 1
4409 22 1
14749 102 1
3230 3 1
13098 8 1
17575 107 1
22436 11 1
4175 3 1
17891 283 1
5250 27 1
25248 1058 1
22752 182 1
5708 7 1
9720 13 1
5887 3 1
21572 13 1
20369 141 1
8860 3 1
19899 8 1
4915 52 1
21117 333 1
7688 122 1
8811 71 1
21182 117 1
11652 26 1
10773 24 1
23229 430 1
8401 158 1
23897 56 1
5232 18 1
21413 9 1
19747 9 1
8724 159 1
9846 71 1
23493 57 1
23351 55 1
20662 160 1
10962 242 1
8375 7 1
11606 212 1
19971 784 1
24000 18 1
4336 41 1
14481 7 1
17447 18 1
14380 399 1
11559 7 1
18767 31 1
8682 1 1
15437 9 1
14035 13 1
22779 7 1
16671 567 1
5050 3 1
10203 1 1
20561 17 1
11216 3 1
4670 1 1
4608 3 1
24782 9 1
17945 430 1
10392 9 1
17050 17 1
10444 28 1
9306 9 1
9911 23 1
13930 27 1
19425 74 1
15667 511 1
12903 93 1
21714 25 1
6205 7 1
19156 7 1
17070 52 1
5728 51 1
20590 177 1
12591 316 1
9278 92 1
11253 147 1
10099 13 1
23442 989 1
25013 13 1
15666 18 1
17052 2 1
6204 9 1
18571 75 1
14752 6 1
3022 9 1
12782 9 1
3436 3 1
15523 489 1
17088 36 1
13363 9 1
25725 17 1
17037 31 1
14668 58 1
24191 181 1
25045 1 1
7505 3 1
8194 17 1
3224 7 1
22749 301 1
19785 28 1
21164 7 1
5649 8 1
12645 319 1
16377 153 1
10811 237 1
7939 3 1
14515 42 1
14155 374 1
16280 551 1
10211 20 1
20695 57 1
16015 534 1
3949 34 1
2713 11 1
13391 9 1
17018 9 1
20999 5 1
18769 9 1
5026 9 1
7715 9 1
23932 6 1
8438 9 1
8168 11 1
7468 9 1
18039 28 1
19358 3 1
16847 283 1
20146 9 1
13625 342 1
9138 3 1
10312 3 1
19572 50 1
13400 6 1
15083 13 1
4614 9 1
22674 41 1
15706 1 1
15411 8 1
15557 18 1
19315 8 1
18130 51 2
8922 91 1
10308 8 1
18107 9 1
3100 3 1
23877 608 1
7136 22 1
21038 94 1
21085 9 1
11434 270 1
10627 231 1
5939 9 1
7388 1 1
11524 136 1
4923 9 1
18377 7 1
17086 593 1
10868 7 1
13819 13 1
20049 73 1
19247 748 1
16879 6 1
9351 11 1
13914 9 1
23231 582 1
22517 20 1
6643 1 1
18796 194 1
19816 83 1
18761 66 1
19733 47 1
17685 1 1
22751 181 1
5512 13 1
23863 1013 1
2928 9 1
7906 132 1
8283 92 1
19175 66 1
12493 79 1
11287 1 1
15928 42 1
12187 25 1
3830 7 1
3235 3 1
4401 8 1
9163 184 1
19833 783 1
19145 48 1
17238 243 1
6016 79 1
9040 28 1
24188 57 1
9868 28 1
20664 161 1
19821 8 1
15728 30 1
8024 140 1
20230 54 1
10626 230 1
11965 159 1
15894 7 1
24874 8 1
22249 73 1
23843 51 1
24841 492 1
5496 67 1
13417 25 1
16993 7 1
8017 138 1
13973 76 1
14236 89 1
16879 51 1
20387 819 1
9067 9 1
4341 42 1
21157 9 1
9016 19 1
8952 3 1
8376 3 1
12262 27 1
16621 563 1
8622 56 1
17152 603 1
10295 9 1
4975 7 1
19697 774 1
8600 9 1
7669 13 1
4723 52 1
12517 69 1
21061 13 1
20591 828 1
21622 898 1
3122 7 1
5653 9 1
24861 38 1
9313 3 1
9077 3 1
11717 51 1
18003 669 1
22537 2 1
24938 1049 1
22357 549 1
6290 9 1
19143 6 1
6125 1 1
18887 9 1
12613 9 1
7066 62 1
2 1 2
23016 7 1
13566 339 1
20694 840 1
25053 161 1
18607 700 1
16212 3 1
3885 1 1
17152 7 1
13478 1 1
13478 7 1
6840 19 1
7070 3 1
9724 3 1
21929 925 1
11193 141 1
7125 30 1
8578 7 1
11020 244 1
15775 20 1
9423 7 1
12832 13 1
4423 9 1
25287 1060 1
20483 55 1
16242 9 1
7226 3 1
17470 13 1
20911 53 1
15460 481 1
20374 51 1
19179 214 1
24110 22 1
4412 12 1
16178 40 1
18865 718 1
12503 106 1
20861 27 1
9500 51 1
18545 51 1
3362 7 1
18369 8 1
19259 52 1
8071 141 1
17931 51 1
15099 194 1
5663 76 1
20863 430 1
13968 9 1
15393 24 1
20202 124 1
11809 159 1
14304 17 1
15007 443 1
4331 40 1
19236 107 1
16542 559 1
24571 19 1
11593 279 1
18791 710 1
15992 27 1
8282 7 1
21275 94 1
5049 9 1
19070 232 1
4038 13 1
2725 9 1
23560 9 1
20164 789 1
5240 13 1
7199 109 1
10088 194 1
15703 53 1
2739 3 1
14838 436 1
8994 177 1
20094 9 1
18097 9 1
8331 28 1
6014 22 1
8468 119 1
3857 1 1
19180 11 1
14347 18 1
5025 37 1
17965 35 1
5737 77 1
24884 36 1
24706 19 1
19783 28 1
17426 9 1
19718 75 1
17004 585 1
25521 1064 1
19785 46 1
9102 3 1
24146 118 1
8354 51 1
5614 3 1
8505 87 1
17911 7 1
20343 815 1
21082 869 1
15941 53 1
7064 3 1
11017 91 1
3652 12 1
25359 124 1
18181 9 1
10504 26 1
5537 9 1
16672 93 1
14003 24 1
16526 9 1
24772 549 1
24969 19 1
6664 7 1
14422 402 1
3340 9 1
5325 3 1
3002 7 1
12264 59 1
14961 7 1
21367 124 1
13945 9 1
10741 3 1
8378 6 1
17579 643 1
14056 9 1
24077 1019 1
10342 13 1
8645 72 1
18876 26 1
12777 3 1
8292 9 1
24896 73 1
9220 188 1
19079 91 1
8173 7 1
19237 7 1
5403 9 1
10641 232 1
13490 3 1
3301 9 1
19191 19 1
19191 11 1
8199 71 1
18727 207 1
16862 24 1
17724 282 1
4972 1 1
17221 195 1
21592 13 1
21168 486 1
11939 25 1
12310 24 1
21343 25 1
19223 744 1
9585 197 1
2895 7 1
24815 13 1
22424 9 1
13575 340 1
19481 28 1
16822 574 1
13500 23 1
20776 8 1
21868 919 1
22567 1 1
16497 7 1
8986 94 1
13746 1 1
7230 18 1
7354 56 1
9048 6 1
13969 214 1
4487 23 1
24404 1029 1
14200 7 1
23249 1 1
20692 24 1
7888 121 1
19632 344 1
14215 13 1
6747 56 1
25191 49 1
18131 673 1
9721 1 1
18722 50 1
15759 25 1
21297 254 1
12817 19 1
10729 9 1
18343 338 1
17782 548 1
20505 13 1
4158 28 1
17460 18 1
25342 120 1
14750 423 1
18051 3 1
16241 7 1
14750 424 1
20185 124 1
20209 805 1
14301 28 1
20013 8 1
8893 91 1
12156 27 1
9707 7 1
19661 13 1
8208 6 1
10304 52 1
4464 7 1
6599 1 1
24234 1027 1
20054 74 1
25673 24 1
8864 1 1
4154 27 1
19784 52 1
11314 51 1
21145 7 1
4791 1 1
16404 56 1
4021 7 1
2728 9 1
3639 3 1
22528 953 1
9336 3 1
15472 483 1
17231 1 1
13549 28 1
15652 505 1
18784 190 1
18167 1 1
10564 213 1
4908 9 1
15373 17 1
20552 826 1
2720 9 1
21128 13 1
17093 36 1
15494 94 1
3979 13 1
25014 94 1
20093 7 1
24028 1015 1
13252 7 1
20093 8 1
5401 7 1
19170 159 1
4782 13 1
18309 17 1
18655 89 1
16883 42 1
18690 455 1
22974 6 1
7910 27 1
7125 19 1
14247 93 1
3419 13 1
20974 865 1
15493 19 1
20996 79 1
15321 6 1
12812 1 1
12540 3 1
2914 9 1
19190 24 1
13728 3 1
19714 430 1
20695 11 1
6804 25 1
5016 12 1
17945 26 1
8328 23 1
8389 9 1
22386 9 1
21250 33 1
15710 52 1
17448 28 1
9249 1 1
5317 24 1
9249 9 1
18570 76 1
12889 160 1
18535 147 1
4491 42 1
2912 13 1
23192 7 1
21748 910 1
7110 7 1
9009 35 1
21921 94 1
4966 13 1
19233 746 1
19266 22 1
24913 19 1
9521 91 1
19133 17 1
19980 9 1
14687 28 1
19980 3 1
18217 7 1
19859 71 1
18217 8 1
9265 9 1
21619 71 1
5546 9 1
16960 7 1
9265 3 1
9543 19 1
8170 3 1
15352 475 1
5365 64 1
7848 131 1
9279 9 1
20993 310 1
21425 19 1
24858 35 1
18812 13 1
19723 779 1
22696 961 1
9271 7 1
20794 51 1
18765 9 1
10762 3 1
15882 525 1
19648 92 1
9820 1 1
9102 1 1
10805 9 1
9008 56 1
5931 7 1
20746 19 1
17139 9 1
10750 71 1
5901 33 1
5376 1 1
17085 592 1
3903 3 1
17115 1 1
17212 315 1
18758 3 1
19602 7 1
16650 8 1
4806 3 1
4806 6 1
7472 3 1
12827 62 1
4021 1 1
9213 9 1
21925 1 1
11370 25 1
23825 57 1
6939 9 1
24824 50 1
24863 31 1
24829 36 1
22233 49 1
8710 24 1
16774 7 1
21925 9 1
11267 66 1
21789 692 1
4160 9 1
11209 56 1
12303 7 1
7116 18 1
25898 1076 0
