1 2 -1
1 3 -1
1 1 1
854 80 1
2073 778 1
423 43 1
196 9 -1
1910 128 -1
1784 701 1
1502 9 -1
1059 2 -1
592 9 -1
484 63 1
431 133 1
89 26 1
1104 421 -1
240 59 1
40 1 -1
1714 13 -1
1357 438 -1
2014 796 -1
670 15 1
670 17 -1
62 9 1
775 17 1
34 18 -1
2003 1 -1
2168 855 1
1091 418 1
756 228 -1
1325 507 -1
1325 504 1
1471 578 1
838 309 -1
1781 55 1
396 18 -1
749 74 1
2111 9 1
591 198 -1
591 197 1
1522 3 1
307 34 -1
1020 259 -1
1003 382 1
2002 119 1
2002 113 -1
1163 241 1
776 63 -1
433 15 -1
1210 433 1
2356 695 1
1157 264 -1
916 28 -1
1336 517 -1
1540 41 1
183 8 -1
2339 65 -1
150 13 -1
183 1 1
2211 438 1
924 350 1
1999 774 1
243 1 1
2078 17 -1
243 3 1
1054 3 1
1834 228 -1
1235 432 1
301 9 -1
397 23 1
97 23 -1
561 82 -1
370 119 1
1769 684 1
688 249 -1
2233 144 1
370 117 -1
402 126 1
919 86 1
1436 115 -1
1407 41 -1
344 9 1
930 349 1
201 41 1
1196 70 -1
1918 765 1
309 42 1
1918 763 -1
2210 870 -1
2210 871 1
880 330 1
1947 105 -1
1360 531 1
1957 16 -1
515 2 1
2470 550 -1
219 23 1
82 37 1
1957 18 -1
2235 876 -1
847 113 1
2464 550 1
390 9 -1
2024 733 -1
1459 166 1
2044 807 -1
1816 84 -1
320 1 1
2146 128 1
2395 942 -1
558 2 -1
2395 940 1
68 2 1
1736 578 1
293 41 -1
68 8 0
68 9 1
685 41 -1
2106 830 1
1586 328 1
2354 550 -1
523 60 1
2385 939 -1
1209 464 -1
1686 654 1
1686 655 -1
562 9 1
1008 9 1
1416 43 -1
66 17 1
2427 951 -1
1016 1 1
1016 2 -1
1058 103 -1
66 19 -1
2122 259 1
1631 44 -1
611 211 -1
1959 781 1
525 3 1
667 229 -1
1587 517 1
270 59 -1
1437 91 1
539 8 1
2429 843 1
294 80 -1
1518 128 1
553 87 1
2176 859 -1
2378 9 1
1000 380 -1
1000 381 1
1580 3 1
225 9 1
208 18 -1
4 1 -1
809 271 -1
515 56 -1
515 52 1
1823 719 1
1823 717 -1
517 3 1
1499 115 -1
2381 550 1
1217 387 1
239 3 -1
1460 572 1
1930 771 1
1930 770 -1
366 16 1
366 17 -1
366 11 1
2348 926 -1
582 100 1
735 259 -1
1850 59 1
544 175 1
1291 55 1
1896 751 1
892 335 -1
892 336 1
1814 32 1
1814 33 -1
1471 577 -1
1416 311 1
1614 72 1
1384 48 -1
1044 43 -1
2224 3 -1
1787 45 1
1203 428 -1
384 3 0
27 3 1
27 2 -1
1566 622 1
207 72 1
619 3 1
1942 393 -1
716 262 1
2350 932 -1
2350 930 1
1028 142 -1
749 73 -1
1028 146 1
1764 691 1
1131 172 1
954 52 -1
199 41 -1
660 29 1
877 328 1
877 329 -1
2370 26 1
1837 718 -1
626 73 1
626 74 -1
1034 18 -1
689 251 1
689 250 -1
1245 465 -1
1827 55 1
1767 9 -1
1636 3 1
2081 447 1
1277 488 -1
1064 8 -1
962 363 1
1438 565 -1
1438 567 1
743 196 1
1099 133 1
1617 294 1
1141 3 1
2088 822 1
1111 424 -1
1111 425 1
2061 447 1
264 10 1
1222 3 1
621 3 -1
870 8 -1
289 95 1
1778 700 1
1388 142 1
276 40 1
390 70 -1
1179 8 1
1179 9 -1
1208 464 1
319 85 1
1201 428 -1
1156 436 -1
304 9 1
979 312 1
2096 8 1
2151 3 1
2457 967 1
1122 311 -1
2241 41 -1
161 1 1
1844 726 1
1844 725 -1
502 142 1
917 8 -1
1670 656 1
781 287 -1
781 284 1
167 62 1
1531 63 -1
1082 163 -1
2325 894 -1
1724 675 -1
1724 676 1
1554 618 1
1554 614 -1
1708 666 1
1183 59 1
1708 663 -1
1047 399 -1
176 22 1
176 23 -1
555 2 -1
485 158 -1
1609 89 1
327 8 1
1385 43 -1
1317 509 1
1244 128 1
45 1 1
1829 18 1
2392 748 1
1186 452 -1
2162 850 1
2435 951 -1
2435 954 1
1906 9 1
1906 3 -1
1966 782 1
2101 828 -1
2101 829 1
2017 53 -1
565 9 -1
1781 74 1
694 8 -1
155 15 -1
2452 963 1
2454 962 -1
2317 898 1
651 233 1
2261 8 -1
1818 716 1
323 56 1
1718 673 1
811 198 1
488 59 1
1300 3 -1
934 351 -1
2421 934 -1
1920 763 1
314 102 1
2322 622 1
2308 913 -1
1066 398 1
1101 421 1
1797 8 1
1293 9 1
1293 8 -1
344 43 1
281 93 1
178 1 1
178 3 1
51 1 -1
2296 3 1
256 15 -1
1453 525 -1
1053 402 1
1053 401 -1
1453 523 1
1569 9 1
1741 679 1
1924 199 1
529 179 -1
28 19 1
77 2 -2
579 3 1
1938 748 -1
2231 880 1
1177 451 -1
2245 8 -1
2173 853 -1
701 259 -1
1139 158 -1
2106 818 -1
1265 482 1
731 8 -1
731 9 1
1021 312 -1
2433 9 1
1496 589 1
418 133 -1
1426 561 1
82 13 -1
82 15 -1
1934 772 1
24 14 1
469 151 -1
633 153 -1
1890 562 -1
126 3 1
801 296 1
1192 3 -1
1815 16 1
2029 802 1
1998 790 -1
252 19 -1
114 9 1
655 74 1
83 37 -1
2316 8 -1
2316 9 1
1386 543 1
1386 542 -1
1631 60 1
1074 408 -1
686 15 -1
1857 199 1
1283 186 -1
1579 60 1
1788 702 -1
1788 701 1
506 142 -1
2261 95 -1
2128 825 1
587 199 1
1807 712 -1
1807 713 1
1142 2 -1
2328 9 1
2328 8 -1
1486 8 1
292 51 1
2318 142 -1
530 181 1
2032 228 -1
1001 69 -1
1048 140 1
1397 8 1
1405 551 1
222 23 -1
1893 749 1
2097 827 -1
2404 8 1
2443 3 1
273 49 -1
863 67 -1
2104 88 -1
1659 3 -1
1251 34 -1
268 60 -1
1428 9 -1
441 3 -1
1500 593 1
194 49 1
1578 627 -1
1478 580 1
1822 3 1
1661 3 1
533 52 1
2136 734 -1
1899 754 1
2167 854 1
204 71 1
447 140 -1
1372 150 1
406 1 -1
2306 803 -1
435 113 1
181 43 1
1005 381 -1
247 18 -1
100 2 1
100 9 1
683 93 1
1498 128 1
1929 770 1
1612 69 1
474 8 1
462 112 -1
411 18 1
1371 158 -1
2363 934 1
560 66 -1
2279 901 1
2279 900 -1
1567 623 1
1971 784 1
153 57 -1
1997 772 1
254 85 1
254 84 -1
1877 638 -1
254 3 1
1869 77 -1
2288 9 1
1412 553 -1
267 8 -1
267 9 -1
267 7 1
1592 3 1
1425 3 -1
276 67 -1
2196 3 -1
2105 829 -1
1432 557 -1
1354 135 1
1941 769 1
1182 452 1
2328 921 -1
581 45 1
2360 933 1
13 2 -1
2124 8 0
551 52 1
2428 322 -1
2470 273 1
1670 639 -1
2476 971 1
1427 559 -1
953 101 1
1025 362 1
1431 3 -1
2359 826 -1
2285 52 1
1756 136 -1
1975 8 -1
2103 9 -1
1238 329 1
943 311 -1
2087 18 1
2452 16 1
1524 605 1
1648 568 1
2398 600 1
849 317 1
510 74 1
510 70 -1
170 63 1
2464 8 -1
2338 142 -1
307 77 -1
2392 941 -1
741 3 -1
340 16 -1
54 13 1
2217 873 -1
262 90 -1
681 246 -1
579 195 -1
579 196 1
681 248 1
2124 837 1
828 3 1
1212 450 -1
1130 15 1
1566 72 -1
2031 803 -1
1535 8 -1
1663 608 -1
349 109 -1
982 3 1
1664 653 -1
559 63 -1
323 34 -1
1266 421 1
2293 901 -1
217 3 -1
2293 908 1
1629 639 1
1363 533 1
967 365 1
998 9 -1
998 8 1
1692 3 -1
1206 462 -1
1404 549 -1
1923 766 -1
31 1 1
868 70 1
651 16 -1
87 15 -1
1658 639 -1
87 18 1
207 3 1
510 18 -1
1881 376 -1
2183 863 1
1241 471 1
67 10 1
1134 14 -1
558 82 -1
1977 105 1
845 43 1
2460 596 -1
2333 59 1
852 75 -1
2333 50 -1
136 41 -1
458 3 1
56 18 1
1175 450 1
221 45 1
446 9 1
2028 742 1
71 28 -1
1692 16 1
573 191 1
108 41 1
785 148 -1
1829 721 1
1706 656 -1
1036 43 1
1584 630 1
682 234 1
1071 71 -1
1058 17 1
1194 1 -1
1908 760 1
534 18 -1
2238 9 1
458 52 1
534 15 -1
534 17 1
599 28 1
1960 8 1
1612 9 1
1802 708 -1
1802 709 1
45 25 -1
922 43 -1
1977 72 -1
272 84 1
83 17 1
2012 3 -1
2003 787 -1
1372 46 -1
1506 16 1
1845 3 1
388 8 1
388 9 -2
1852 731 -1
1852 732 1
1956 63 1
1813 395 -1
1813 394 1
1869 3 -1
898 105 1
1579 45 -1
1579 41 -1
1579 43 1
1889 562 1
1036 387 -1
388 38 1
1701 9 1
642 8 1
1533 8 -1
1533 9 1
369 101 1
2416 949 -1
905 77 -1
639 2 -1
1001 46 1
266 91 -1
2313 3 -1
1481 100 -1
1794 704 -1
1423 555 -1
1961 361 -1
1342 16 -1
1180 387 1
1680 271 1
1180 381 -1
1655 211 -1
1984 2 -1
1632 3 1
1211 34 1
2202 868 -1
1821 395 -1
1894 748 -1
2388 938 1
631 17 1
1984 113 -1
474 52 -1
598 109 -1
1648 9 -1
474 59 1
1612 622 -1
1420 45 1
2089 819 -1
1072 43 1
1739 74 1
1336 128 1
1466 55 -1
821 139 -1
599 112 1
181 66 -1
1345 522 1
1345 520 -1
92 1 -1
92 2 1
275 67 1
2294 23 1
1406 18 1
1406 17 1
1406 15 -1
2109 3 1
2323 919 1
646 228 1
2009 772 1
646 227 -1
2009 774 -1
2017 782 -1
1129 432 1
189 46 -1
1121 8 1
2115 1 1
659 101 -1
343 8 -1
2139 8 1
2036 196 1
596 196 1
1324 508 -1
2119 793 1
1266 387 -1
1201 460 1
1470 9 -1
369 26 -1
1408 105 -1
1129 3 1
543 26 -1
1991 789 1
465 112 1
1253 471 -1
523 112 1
1017 1 1
2290 52 -1
2275 898 -1
477 155 1
477 154 -1
1962 66 -1
1541 604 -1
274 16 -1
167 23 -1
1604 224 -1
1946 105 1
1007 1 1
1368 537 1
2194 432 1
731 77 1
2394 8 1
2394 9 -1
1044 398 1
1044 396 -1
291 17 -1
146 32 1
1164 444 1
1982 270 -1
561 8 -1
2277 3 1
1749 678 -1
581 60 -1
756 86 1
823 139 1
238 3 1
571 58 -1
1170 447 1
2298 825 1
2115 825 1
1461 572 -1
1927 763 -1
1927 760 -1
1927 767 1
1927 768 1
1416 41 -1
2083 195 1
1581 3 -1
1805 707 -1
1774 158 1
612 176 1
1294 493 1
540 8 -1
540 9 1
1664 639 1
910 344 -1
94 26 1
1248 41 1
2269 152 -1
1939 101 -1
1515 602 1
1205 8 -1
1515 601 -1
1094 203 -1
559 41 -1
746 71 -1
323 15 -1
2074 778 -1
511 172 -1
177 22 -1
2427 950 1
2185 15 -1
115 46 1
115 45 -1
602 2 -1
2225 9 1
2225 8 -1
580 100 -1
2206 521 -1
24 9 -1
24 2 -1
1448 224 1
1497 131 -1
1873 17 1
1873 15 -1
679 172 -1
1219 8 -1
2042 796 1
315 16 1
1067 8 1
500 142 -1
1708 3 -1
245 60 1
2035 334 -1
1108 423 -1
881 309 1
759 247 -1
1887 745 1
654 74 -1
1681 196 -1
448 132 -1
1595 16 -1
1681 193 1
1119 59 1
518 41 1
1680 60 -1
658 236 -1
482 37 1
1558 618 1
1756 69 1
1168 43 1
1401 546 -1
1401 545 1
2326 9 1
2024 799 1
2152 843 1
1727 117 1
2021 493 1
1903 757 -1
1903 758 1
1316 443 -1
763 279 -1
1981 9 -1
1931 770 1
1931 771 -1
1637 3 1
1993 791 1
1378 128 1
385 16 1
409 128 -1
2184 26 1
2331 16 -1
1235 3 -1
2125 838 1
1573 214 1
1908 746 -1
2174 16 1
2375 934 -1
2209 3 1
1059 245 1
2272 831 -1
2147 199 -1
785 291 1
860 318 -1
1774 677 -1
1006 103 1
978 3 1
1281 492 1
1281 491 -1
1732 395 -1
504 170 1
504 171 -1
166 38 -1
1599 9 -1
2418 600 -1
1236 365 1
1236 361 -1
350 69 1
1166 3 1
2152 3 -1
657 206 -1
942 101 -1
22 13 1
1650 16 1
283 9 -1
2358 41 1
914 3 1
1665 3 -1
1539 271 1
1588 517 -1
600 203 1
1668 120 1
1026 18 1
2224 439 1
1770 100 1
1855 721 -1
1855 722 -1
1770 103 -1
935 43 1
935 45 -1
1444 294 -1
1749 59 1
2400 733 1
1559 115 1
104 1 -1
104 2 1
556 183 1
1639 640 -1
1398 60 -1
556 187 -1
26 15 -1
509 15 1
509 17 -1
217 13 1
1754 684 -1
1687 15 1
326 9 -1
32 21 -1
552 1 1
792 294 -1
881 2 -1
1211 16 -1
2181 15 -1
771 276 1
1727 479 -1
2204 8 1
2204 9 -1
1167 15 -1
848 16 -1
1420 135 -1
1632 131 1
779 286 -1
779 289 1
433 139 1
1497 589 -1
2324 919 -1
433 137 -1
1280 9 -1
1539 15 -1
1574 3 -1
1625 323 1
1464 575 1
2218 121 1
637 222 1
2030 17 -1
380 123 1
76 9 -1
76 8 1
76 3 1
1551 16 1
1763 689 -1
588 8 -1
1225 468 1
639 224 1
1674 131 1
1674 134 -1
1290 8 1
2025 16 -1
1169 59 1
1693 648 -1
189 68 1
2402 169 1
50 9 1
50 8 1
2250 2 -1
1108 59 1
2193 572 -1
2236 26 1
1947 3 -1
105 18 1
1748 682 -1
1518 3 -1
2067 815 1
1776 40 1
2067 813 -1
720 266 1
720 265 -1
1243 17 -1
1051 400 1
310 10 -1
310 14 1
1115 427 1
834 1 -1
2298 16 1
1788 16 1
1577 72 -1
1665 294 1
587 45 -1
1041 9 -1
1833 712 1
109 3 -1
520 175 1
23 10 -1
1696 639 -1
51 29 -1
2285 13 -1
2285 16 1
1183 34 1
710 92 -1
759 8 1
702 259 1
1586 197 -1
1257 120 1
1166 445 -1
2008 636 -1
1124 34 1
921 349 1
571 74 1
896 337 -1
896 338 1
213 1 1
2452 3 -1
1377 540 1
80 1 1
1199 16 1
1830 142 1
297 59 -1
2237 878 -1
1935 770 -1
1451 128 -1
845 315 1
1216 421 -1
131 26 -1
2071 135 1
2466 969 1
1735 3 -1
2439 272 1
612 153 -1
296 75 1
663 206 -1
1718 576 -1
1359 530 -1
360 1 0
360 2 1
1508 595 -1
1508 596 1
1775 695 -1
360 9 -1
1775 696 1
1485 9 -1
1119 158 1
712 263 1
1569 625 1
1569 624 -1
1825 8 -1
2422 69 -1
1349 510 -1
2422 60 -1
2197 95 -1
632 153 1
915 128 1
417 3 1
542 176 -1
879 317 -1
2217 874 1
879 311 1
879 310 1
745 71 1
1342 28 1
1362 160 1
1839 9 1
1839 8 -1
442 3 1
1333 1 -1
2037 804 -1
2037 805 1
1333 8 1
2357 8 1
889 3 -1
1873 38 -1
156 58 1
2182 572 1
156 55 -1
1661 608 1
1870 135 1
407 8 1
2033 428 1
263 65 1
263 60 -1
1280 490 -1
1280 491 1
2472 9 1
2472 8 -1
1675 196 1
836 293 1
1413 554 1
627 84 1
604 206 1
604 205 -1
1123 263 1
647 176 -1
1065 34 1
1873 9 1
1528 606 -1
1528 607 1
1968 3 1
842 313 -1
842 312 1
1206 421 1
1457 573 1
2337 925 1
458 16 -1
200 60 1
1595 2 -1
1595 1 1
2397 938 -1
2230 8 -1
1595 8 -1
1595 9 1
351 49 1
268 1 -1
687 60 -1
1889 744 -1
961 9 1
961 8 -1
737 41 1
737 40 1
1577 8 1
1577 9 -1
2223 790 1
851 54 1
110 15 -1
357 115 1
2094 9 -1
2008 794 1
2320 898 1
1262 3 1
290 27 -1
1753 43 1
2076 3 1
1316 508 1
907 16 1
250 18 1
265 5 -1
250 13 -1
1270 16 -1
2477 972 1
1801 708 1
185 25 -1
2438 957 1
1561 45 -1
595 72 -1
2116 836 1
212 18 -1
2438 956 -1
1443 13 -1
2137 3 1
212 15 1
2000 346 -1
787 292 1
341 110 -1
96 9 -1
1466 8 -1
1854 428 -1
1932 46 -1
1648 420 -1
2296 909 -1
1419 41 -1
889 317 1
1263 294 1
406 59 -1
2446 328 -1
1410 2 -1
505 169 -1
704 257 1
816 293 -1
997 15 -1
2011 18 1
1117 425 -1
1117 420 1
947 359 1
1675 120 -1
740 3 1
1810 8 1
1810 9 -1
1621 214 -1
829 3 -1
1418 8 1
1418 9 -1
1727 3 -1
1398 41 1
2316 65 1
2469 73 1
1151 41 0
1125 3 -1
2185 41 1
1207 17 -1
1523 535 1
1932 184 1
1258 476 1
1258 474 -1
1923 554 1
390 80 1
2374 8 -1
817 40 -1
1288 240 1
1223 466 -1
753 277 1
753 275 -1
216 2 1
1474 3 1
2251 64 -1
437 46 -1
2251 60 1
1871 739 -1
925 352 1
2353 924 1
1110 9 -1
1564 228 -1
1286 494 -1
1286 496 1
957 8 1
1084 412 -1
2037 142 1
234 2 1
2461 487 1
2454 965 1
647 84 -1
1348 3 1
603 40 1
1088 415 -1
1088 416 1
1809 714 -1
1809 715 1
2114 835 1
1417 551 -1
2095 826 1
1417 555 1
2496 979 1
686 17 1
2169 3 -1
2338 43 -1
1840 723 1
2315 901 1
1840 724 -1
222 9 -1
222 8 1
1496 228 -1
499 171 1
499 170 -1
1389 40 -1
2058 812 1
783 2 1
2126 832 -1
2354 273 1
2126 831 1
2315 908 -1
1597 3 1
1324 8 -1
2410 9 -1
2009 3 1
1127 45 -1
2453 67 -1
173 63 -1
304 58 -1
1752 59 -1
251 29 1
80 15 1
2195 866 -1
2376 937 1
2195 868 1
1268 16 1
1560 79 -1
2310 9 -1
1292 77 1
1526 606 1
1414 59 -1
158 59 1
1045 221 1
328 49 -1
828 286 -1
762 280 -1
762 281 1
1329 15 -1
20 8 1
20 9 -1
504 8 -1
504 9 1
20 2 -1
297 34 1
20 1 1
1244 86 -1
1428 311 -1
2376 929 -1
1775 67 -1
1770 8 1
1776 696 -1
1776 697 1
1423 558 1
1294 183 -1
2355 273 -1
1474 294 -1
2171 856 -1
986 373 1
933 13 -1
831 74 -1
1225 3 -1
706 7 -1
706 8 2
706 9 0
64 34 1
70 28 1
64 33 -1
394 109 1
2254 176 -1
442 141 -1
632 176 -1
1223 124 1
157 34 -1
157 37 1
209 72 -1
209 73 1
203 18 1
880 325 -1
1239 2 1
2277 259 1
2025 9 1
2025 8 -1
2132 787 1
1820 3 -1
478 144 -1
1502 76 1
1522 584 -1
154 2 2
2260 95 1
2440 914 1
2201 16 1
1916 762 -1
1916 763 1
2265 892 -1
1384 113 1
1013 355 1
2468 73 -1
188 13 -1
91 8 1
188 17 1
188 15 -1
899 3 1
2194 3 1
1925 3 -1
345 69 1
104 26 1
2331 50 1
2212 872 1
1219 45 -1
1700 69 -1
899 311 1
2232 190 -1
1647 16 -1
8 8 2
378 122 -1
378 123 1
8 1 -1
550 186 -1
354 2 -1
550 180 1
265 9 1
508 17 1
1652 647 -1
1333 59 -1
2154 845 1
1333 52 1
971 332 -1
2379 671 1
1471 8 1
2167 825 -1
665 205 1
629 219 1
1552 9 1
2478 966 1
920 86 -1
970 364 -1
1629 8 -1
1629 9 1
1376 539 -1
799 113 1
290 40 1
799 119 -1
1376 530 1
322 9 1
329 104 -1
556 1 1
27 18 1
1491 586 1
1491 587 -1
1831 131 1
1678 41 -1
1449 8 -1
1611 8 -1
648 230 1
1254 474 1
709 261 -1
1353 77 -1
81 17 -1
709 262 1
2477 957 -1
329 70 1
2066 169 -1
2409 948 1
180 66 1
2322 918 1
964 152 1
1778 55 -1
2322 917 -1
2116 814 -1
2072 198 1
1306 240 -1
1060 146 -1
1842 3 1
1018 3 -1
579 16 -1
932 353 1
1691 60 -1
2335 923 1
509 52 1
1430 561 1
1430 562 -1
1806 707 1
1211 59 -1
2157 847 1
2166 26 1
1102 8 1
2057 169 1
894 334 1
894 335 -1
1553 616 -1
830 301 -1
711 227 -1
1506 594 -1
2173 3 -1
649 231 1
226 18 -1
2439 92 -1
1137 298 -1
1656 649 -1
211 12 1
60 14 -1
714 257 -1
742 59 -1
2338 203 1
2178 861 1
1148 120 -1
1803 709 -1
838 2 1
1952 778 -1
1731 172 1
371 119 -1
616 215 1
2280 8 1
548 59 -1
1375 535 -1
1917 764 1
2280 9 -1
2309 8 -1
1208 463 -1
1228 3 -1
966 140 1
997 379 1
121 42 -1
1796 705 1
662 15 1
779 26 1
1496 128 -1
1768 686 -1
1768 683 1
279 75 -1
2378 141 1
1162 241 -1
2054 554 -1
1220 9 1
2444 18 1
1792 3 -1
1792 2 1
872 1 1
2005 533 -1
84 1 1
1792 9 1
2325 8 -1
1525 574 1
1295 113 -1
1986 2 1
1954 142 -1
1986 1 -1
1035 95 -1
1216 9 -1
2093 815 1
686 33 -1
908 310 -1
686 34 1
2026 323 1
372 59 1
2258 213 1
159 8 -1
159 9 1
1915 762 1
58 21 1
1321 511 1
1723 150 -1
1136 298 1
2449 115 -1
2143 8 -1
1623 637 1
1694 659 -1
649 230 -1
1837 2 -1
1837 1 1
1152 440 1
1169 3 -1
2409 8 1
783 52 -1
232 79 -1
1652 9 1
1673 16 -1
1381 526 -1
871 34 -1
871 33 1
2307 912 -1
2307 913 1
158 37 -1
1891 747 -1
168 23 1
1328 514 -1
1328 515 1
280 1 1
2184 124 1
177 2 1
1943 776 1
1129 95 -1
882 1 1
145 26 1
671 17 -1
671 15 1
1799 42 1
703 260 1
2345 931 -1
904 341 1
904 342 1
998 379 -1
107 2 -1
107 1 1
322 103 -1
2254 151 1
931 3 -1
1974 104 -1
1974 105 1
1715 19 1
2225 874 -1
2287 906 1
1150 73 1
1174 446 1
2287 900 -1
1174 449 -1
1716 95 1
1688 16 -1
2277 273 -1
1130 158 -1
261 90 1
1344 521 -1
653 234 1
653 233 -1
1291 3 -1
2494 151 1
573 3 -1
573 9 -1
2034 334 1
1914 557 1
1283 3 1
914 68 1
2257 888 -1
512 173 1
1477 572 -1
1936 773 1
1944 2 1
71 1 1
679 9 -1
679 8 1
148 18 -1
1996 105 1
950 360 1
950 361 1
285 43 1
1860 735 -1
494 59 -1
345 46 -1
761 262 -1
1161 18 1
1266 3 1
665 3 1
1114 17 -1
697 255 -1
1114 15 1
697 257 1
950 105 -1
2079 15 1
546 8 1
2158 636 -1
2272 897 1
960 362 -1
1145 144 -1
890 334 -1
890 335 1
2052 554 1
457 148 1
457 147 -1
1339 510 -1
1495 128 1
112 3 1
197 1 0
197 3 0
744 8 -1
744 9 1
1581 618 -1
1992 790 1
81 36 1
1927 16 0
650 8 -2
1503 8 1
650 1 -1
887 3 -1
593 8 -1
902 340 1
1177 381 1
1625 636 -1
1783 84 1
817 67 1
2007 791 -1
1783 89 -1
639 74 -1
450 143 1
1519 602 -1
1519 603 1
793 26 -1
63 9 -1
961 332 1
1246 361 1
815 3 -1
2161 825 1
2020 433 -1
1484 2 -1
1661 639 -1
212 8 -1
1853 712 -1
368 118 -1
363 18 1
363 17 1
368 117 1
1377 16 -1
1047 394 1
1141 431 -1
1141 436 1
41 3 1
1999 105 -1
947 310 -1
1572 545 1
208 2 1
1119 429 -1
208 9 -1
208 8 1
1714 671 1
1079 8 -1
1559 602 -1
636 12 1
2449 8 1
636 11 -1
1159 156 1
2237 2 -1
1546 615 1
885 308 -1
736 272 -1
736 273 1
431 63 -1
913 16 -1
414 130 -1
414 132 1
453 8 -1
174 13 -1
2465 46 -1
2413 950 -1
1769 677 -1
2017 422 1
863 321 1
452 63 1
1563 545 -1
826 305 -1
618 208 1
1055 2 -1
1759 688 1
151 44 -1
1483 16 1
2354 3 1
2083 9 1
2421 3 -1
2378 16 -1
1379 3 1
1851 729 -1
174 9 1
174 8 -1
436 48 1
2180 41 -1
400 9 1
501 109 1
1010 384 1
920 131 1
1010 381 -1
2212 787 -1
551 1 -1
470 149 -1
640 17 -1
1092 19 -1
1092 13 1
1092 17 1
802 296 -1
1092 15 -1
391 8 1
93 16 1
2102 826 -1
2129 814 -1
1127 95 1
2019 49 -1
1463 574 1
1808 9 -1
103 18 -2
308 99 -1
564 100 1
1184 453 1
1184 452 -1
983 74 -1
600 40 -1
837 91 -1
7 8 -1
7 9 1
1901 755 -1
7 1 -1
7 2 1
1284 98 -1
2485 151 -1
2411 748 1
1379 128 1
2113 636 1
255 86 1
1183 90 -1
1493 588 1
1793 704 1
1493 580 -1
304 98 1
674 3 -1
2139 235 -1
981 370 1
1143 43 1
1887 69 -1
2230 879 1
2230 871 -1
517 173 1
517 174 -1
1939 49 1
2025 800 1
1381 541 1
2412 948 -1
2118 111 -1
1789 698 1
1917 105 -1
1261 3 1
486 161 1
1161 105 1
2075 2 1
288 94 -1
830 73 -1
830 74 1
1293 497 1
1293 495 -1
1745 70 1
324 17 1
866 318 -1
269 92 1
1388 545 1
2287 8 -1
2117 15 -2
1388 543 -1
946 77 -1
610 211 1
610 210 -1
1132 144 1
138 46 -1
1996 361 -1
1243 88 1
2100 818 -1
1615 26 -1
1812 86 -1
1724 8 1
1724 9 -1
513 56 1
2259 884 -1
95 2 -1
95 1 1
1003 374 -1
300 98 1
851 101 -1
2104 9 1
300 95 -1
1874 636 -1
2288 901 1
928 45 -1
928 44 1
1503 74 1
1503 76 -1
1150 18 -1
1302 500 1
298 85 -1
1771 683 -1
154 13 -1
1452 224 -1
931 77 -1
1628 425 -1
1138 1 1
1138 2 -1
1937 773 -1
2463 967 -1
1937 774 1
72 35 1
1657 650 1
2299 697 1
2112 1 1
872 2 -1
420 128 1
1469 3 1
1194 450 -1
468 150 -1
226 78 1
558 66 1
320 15 1
2369 936 1
219 9 1
219 8 -1
487 52 -1
1898 752 -1
711 9 1
630 86 1
799 3 -1
220 15 -1
220 17 1
2380 801 1
722 13 0
2475 591 1
1755 117 -1
2168 3 1
1599 634 1
2148 748 1
1340 519 -1
211 1 -1
1514 34 -1
2029 311 -1
946 3 1
544 184 -1
315 92 1
575 1 -1
86 37 -1
1086 146 -1
257 13 1
1086 414 1
1921 199 1
1337 60 -1
2062 378 -1
2137 826 1
2137 825 -1
1032 390 -1
1032 391 1
1810 713 -1
2143 572 1
2079 77 1
2156 846 -1
161 58 -1
2389 538 -1
442 17 1
633 9 -1
1234 470 -1
233 1 -1
2391 9 -1
1534 214 1
2283 16 -1
1572 625 -1
939 43 -1
996 8 1
936 342 -1
684 248 -1
386 120 -1
386 124 1
678 244 -1
2053 420 1
1622 581 -1
2360 878 -1
2483 3 1
1819 73 1
1819 74 -1
37 24 -1
940 27 1
223 8 -1
2459 968 -1
1764 128 -1
508 58 -1
1521 131 1
698 257 -1
1676 135 -1
1715 128 1
1447 125 1
698 258 1
794 3 -1
794 2 -1
1190 124 1
1190 120 -1
999 15 -1
999 17 1
1972 784 -1
448 8 -1
2340 139 1
230 30 1
728 69 1
1251 120 -1
1038 8 1
1038 9 -1
363 71 -1
747 275 1
1434 13 -1
21 9 -1
210 13 1
1907 3 1
633 220 1
2006 8 -1
2006 9 1
1722 150 1
652 17 1
1605 228 1
2266 887 -1
995 378 1
111 43 1
995 377 -1
111 41 -1
2258 890 -1
1318 506 -1
1920 765 -1
1284 494 1
847 15 1
627 2 1
1027 362 -1
1224 3 1
240 81 -1
1988 17 1
1988 15 -1
1301 8 -1
2308 914 1
1469 48 1
1158 17 1
1832 63 1
1796 9 -1
568 190 1
1062 404 1
151 26 1
923 201 -1
1545 613 -1
1545 614 1
450 144 -1
1515 40 1
35 1 1
179 2 -1
926 342 -1
1296 246 -1
1399 361 -1
1434 3 1
2077 42 1
1483 583 -1
155 1 -1
566 172 1
501 166 -1
9 1 -1
1537 535 -1
9 8 -1
1230 117 -1
2291 63 1
2415 8 -1
2135 840 -1
377 122 1
626 208 -1
169 51 1
2440 3 -1
991 312 1
1286 16 1
152 57 1
152 50 -1
1133 8 -1
1133 9 1
1231 329 -1
1526 596 -1
1297 497 -1
1297 495 1
2056 228 1
284 8 1
1214 184 1
270 1 1
2432 3 1
644 223 1
644 226 -1
246 1 -1
846 189 1
246 3 -1
246 2 1
2075 195 -1
2075 196 1
178 2 -1
102 18 1
1274 481 -1
1956 135 1
1274 486 1
1792 17 -1
981 312 -1
2086 818 -1
1616 2 -1
1964 3 -1
929 8 1
2066 41 1
1868 135 -1
935 1 -1
935 2 1
2324 150 1
1875 150 -1
909 341 1
909 343 -1
2201 41 1
328 26 -1
416 9 1
419 131 -1
2279 3 1
1841 8 1
419 134 1
10 11 1
1231 69 1
2281 902 1
168 62 -1
1628 2 -1
325 9 -1
325 8 -1
2374 935 -1
1460 166 -1
2239 328 1
1611 622 1
1458 294 1
166 9 1
1568 618 -1
1421 556 1
1421 554 -1
676 245 1
1667 654 1
49 18 -1
1667 652 -1
305 38 1
1745 681 -1
2491 912 1
1249 472 -1
1986 361 1
2040 16 1
2274 898 1
2417 460 1
2480 169 -1
78 1 1
1985 786 -1
1985 783 1
2130 447 1
1456 571 -1
1434 26 1
2273 831 1
192 28 1
1760 686 1
1760 687 -1
44 25 1
931 16 1
830 286 1
1555 619 1
1555 618 -1
788 293 1
788 292 -1
1192 455 1
2031 733 1
2346 3 -1
2471 599 1
1112 425 -1
95 26 1
1112 420 1
1365 535 1
1815 715 -1
320 33 -1
341 13 1
455 145 -1
455 147 1
542 2 -1
590 109 1
1353 358 1
1755 136 1
1514 601 1
1429 562 1
1429 561 -1
1502 120 -1
1100 418 1
897 338 -1
715 252 1
897 335 1
196 11 1
196 15 -1
22 2 -2
134 34 1
1337 41 1
86 15 1
86 13 1
2034 339 -1
1900 3 1
2109 636 1
314 3 -1
584 40 -1
727 271 1
92 26 -1
280 2 -2
1188 361 1
1743 246 -1
1795 697 1
700 3 2
479 157 1
541 8 1
473 40 -1
1912 100 -1
1795 698 -1
227 78 -1
2238 26 -1
547 180 -1
1562 545 1
1516 574 -1
1227 3 1
624 3 1
1367 158 1
1242 86 1
1791 3 -1
1900 753 -1
1362 524 -1
2324 8 1
1198 370 1
1664 16 1
489 160 -1
1858 8 1
489 162 1
6 9 1
6 8 1
1323 511 -1
764 3 1
12 1 1
1641 8 1
12 2 1
6 7 -1
2451 9 1
2291 533 1
1819 17 -1
1819 15 1
1710 668 -1
1097 420 1
2012 795 -1
508 70 1
575 144 -1
350 113 -1
859 3 1
2103 196 -1
1350 523 -1
1350 525 1
156 2 -1
615 213 -1
615 214 1
1015 381 -1
1015 386 1
1843 15 1
2060 794 -1
984 371 -1
295 3 -1
861 9 -1
2060 798 1
924 77 -1
2475 1 -1
9 10 1
2449 45 1
1213 465 -1
1808 707 -1
2154 3 1
1168 3 1
2097 596 1
1806 3 -1
347 49 -1
1561 135 1
1467 569 1
1370 538 -1
883 3 -1
170 1 1
170 2 -1
564 84 -1
742 34 1
1992 787 -1
456 55 1
400 18 1
106 8 1
1196 323 1
1801 698 -1
1605 86 -1
918 348 -1
1408 552 1
918 342 1
1265 480 -1
691 1 -1
2021 793 -1
1969 774 1
806 228 1
2433 8 -1
1532 214 1
1915 8 -1
211 73 1
211 74 -1
1693 9 -1
1041 328 -1
1162 443 1
1960 734 1
1176 447 -1
2036 158 1
574 9 1
574 3 1
1030 77 1
1282 9 -1
1391 9 -1
1048 221 -1
2253 176 1
2138 8 -1
2138 9 1
2236 516 -1
1821 717 1
678 8 -1
678 9 1
561 56 1
2010 795 1
1262 477 -1
560 82 1
308 59 1
30 2 -1
1738 8 -1
1986 105 -1
2472 151 1
2071 9 1
1529 552 -1
332 17 1
144 26 -1
372 34 -1
529 180 1
1919 764 -1
1919 766 1
1659 153 1
1555 8 1
1133 433 -1
2325 920 1
2040 328 1
2490 833 1
840 9 1
840 8 -1
62 32 -1
545 63 -1
1094 18 -1
2278 533 1
2245 879 -1
1606 55 -1
1007 103 -1
1740 100 1
2051 811 1
2051 810 -1
2330 516 -1
1214 433 -1
1252 59 1
1265 479 -1
2248 1 1
1868 3 -1
814 3 1
1308 183 -1
2248 8 -1
689 15 1
1962 105 1
2224 790 -1
2003 533 1
666 15 -1
1677 209 1
2184 148 -1
1613 2 1
1653 648 1
1653 642 -1
1653 641 -1
1314 34 1
1531 142 1
42 3 -1
42 1 -1
1532 3 1
1244 1 1
643 3 1
42 8 1
42 9 1
147 32 -1
2189 865 -1
2189 866 1
57 18 -1
386 70 -1
239 81 1
239 82 -1
895 16 1
1876 131 -1
1026 273 -1
803 295 -1
60 8 1
803 293 1
1091 3 1
60 1 1
858 228 1
887 15 1
1154 49 1
362 2 -1
133 2 1
2000 559 1
395 112 1
1812 46 1
2006 228 1
2373 841 -1
2050 805 -1
2006 224 -1
2141 199 -1
123 9 1
123 8 -1
135 15 -1
2480 974 1
1580 197 -1
324 56 -1
588 112 -1
1748 74 1
324 59 1
1166 240 1
912 69 -1
2484 3 -1
1835 59 1
2362 75 1
2033 733 -1
2044 160 1
1949 778 1
2270 893 -1
2381 273 -1
1546 224 -1
2425 674 1
244 41 1
2374 687 1
2372 273 1
1716 72 -1
72 3 -1
72 2 -1
625 16 1
2329 516 1
1679 60 1
378 2 1
2470 3 -1
2098 323 1
1011 382 -1
1707 667 1
1707 665 -1
2222 67 -1
545 150 1
134 50 -1
2446 8 -1
257 87 -1
1871 9 -1
999 224 -1
999 228 1
342 3 -1
1726 144 1
1943 1 -1
1670 3 1
1955 329 -1
230 42 -1
471 8 1
2151 748 1
2208 3 1
2398 943 -1
1319 3 -1
765 281 -1
765 283 1
2371 9 1
2371 8 -1
392 8 -1
778 288 1
778 287 -1
503 8 -1
598 16 -1
886 333 1
886 332 -1
1694 8 1
2386 550 -1
1006 2 -1
1278 483 -1
1585 328 -1
1278 489 1
162 19 1
962 46 -1
793 40 1
129 3 -1
129 2 1
129 1 1
2341 924 -1
1757 669 1
98 39 -1
2218 74 -1
1757 660 -1
2341 928 1
1642 645 1
467 149 -1
235 80 1
1444 148 1
739 262 1
616 208 -1
219 18 -1
549 63 1
1387 3 -1
2319 916 1
597 72 1
139 18 -1
663 2 -1
663 1 1
186 65 -1
1462 294 1
1731 8 1
1731 9 -1
2207 13 1
691 252 -1
907 9 -1
907 8 1
213 34 -1
213 37 1
1057 140 -1
1878 82 1
1511 8 -1
533 59 -1
589 199 -1
1979 16 1
1883 52 -1
1481 3 -1
2276 900 1
2113 9 1
2113 8 -1
949 135 -1
48 18 1
380 28 -1
1725 9 0
1725 8 0
153 50 1
1204 8 1
906 343 1
2084 818 1
906 341 -1
94 3 -1
1609 90 -1
2127 839 1
191 2 -1
1288 383 -1
191 1 1
1978 3 1
2103 3 1
849 316 -1
1436 566 1
2493 912 -1
512 170 -1
1352 526 1
1352 525 -1
1182 18 -1
644 3 -1
179 65 1
1483 77 1
1137 2 1
460 24 1
456 75 -1
1583 629 -1
577 9 1
1062 59 -1
2230 9 1
221 46 -1
2295 16 -1
1725 16 0
358 26 1
1828 697 -1
398 78 1
1215 158 1
434 45 -1
2495 74 1
2344 918 -1
2495 73 -1
434 43 1
1472 9 -1
1698 49 1
1709 8 1
1448 568 -1
2057 420 -1
330 1 0
1845 727 1
1845 726 -1
330 8 0
975 367 -1
975 366 1
2072 311 -1
969 311 1
1199 158 -1
331 77 -1
2125 837 -1
944 328 -1
779 13 -1
2278 550 -1
1882 562 1
1100 1 1
1100 2 -1
1452 3 -1
820 303 -1
59 8 -1
59 1 -1
1348 128 1
1252 74 1
1390 137 -1
163 25 1
1390 135 1
1095 407 1
2199 198 -1
835 91 1
373 117 -1
1115 426 -1
1346 520 1
1346 522 -1
1622 153 1
1548 616 1
847 189 -1
182 15 -1
182 17 -1
1314 15 1
2351 930 -1
949 308 1
888 334 1
888 331 -1
172 64 -1
1228 148 -1
439 16 1
1712 18 -1
147 13 1
57 31 1
1712 13 1
2491 957 -1
1322 8 -1
1602 633 -1
675 243 -1
2023 183 -1
2023 180 1
487 63 1
1207 463 1
773 15 -1
1765 395 1
1180 8 -1
1180 9 1
248 1 -1
1454 43 -1
553 8 -1
1454 45 -1
237 17 -1
554 87 -1
1077 409 -1
1748 16 1
771 119 -1
2032 742 -1
1854 3 1
1454 115 1
1479 108 -1
216 46 1
1484 69 -1
2298 910 -1
1001 3 -1
2336 924 1
1449 557 -1
1740 77 -1
2232 881 1
855 139 -1
1922 13 1
1126 430 -1
498 170 1
1640 644 1
1640 643 -1
483 3 -1
2142 40 1
924 135 1
1399 137 -1
1649 8 -1
1399 135 1
428 135 -1
428 137 1
1926 199 -1
1645 639 -1
1478 579 -1
1669 655 1
1669 654 -1
1895 750 -1
2076 16 -1
1699 580 -1
592 56 1
2243 328 -1
782 148 1
2483 971 -1
1656 395 1
589 45 1
1043 355 -1
1289 432 -1
777 284 -1
777 287 1
1618 69 -1
446 80 -1
285 8 -1
285 9 1
2401 733 -1
54 25 -1
1630 15 -1
1224 49 -1
1830 8 1
1480 574 -1
748 262 1
1988 438 -1
291 8 1
1309 502 -1
1309 504 1
291 2 1
1713 666 -1
1114 420 -1
1114 425 1
595 201 1
985 372 1
1240 398 1
299 8 1
656 234 -1
668 241 1
668 240 -1
1218 45 1
2449 9 -1
1218 43 -1
1824 719 -1
1993 554 1
2386 538 1
958 154 -1
459 16 1
821 3 1
920 2 1
516 154 -1
108 3 1
2431 8 1
2431 9 -1
1187 452 1
900 339 1
401 18 -1
900 334 -1
2198 117 -1
53 30 -1
1869 352 1
98 18 1
1243 105 -1
1698 75 -1
365 117 1
365 116 -1
1271 485 1
1271 484 -1
375 34 1
936 3 -1
2069 197 1
1793 60 -1
936 9 1
1671 639 1
81 1 -1
132 53 -1
1470 577 1
2142 393 1
421 55 -1
1120 420 -1
1083 410 -1
1120 425 1
693 254 1
436 3 -1
693 251 -1
210 74 1
210 73 -1
1451 570 1
2022 67 1
1717 672 1
1717 670 -1
1450 294 1
1056 59 -1
861 95 -1
213 11 -1
1312 361 -1
768 279 -1
78 18 1
2046 808 -1
1395 8 1
2471 273 -1
1751 672 -1
360 18 -1
570 8 -1
685 244 1
685 243 -1
2159 849 1
1989 1 1
1987 127 -1
1989 2 -1
2467 954 1
416 8 -1
1671 3 -1
1389 9 1
413 131 1
413 130 1
2092 198 -1
2495 957 -1
88 18 1
2479 972 -1
2479 973 1
88 16 1
976 357 -1
223 11 1
277 15 -1
1864 3 1
193 70 1
1690 69 1
277 18 -1
1690 60 1
1592 545 -1
1592 542 1
884 3 1
594 8 1
635 153 1
547 186 1
223 17 -1
1210 158 -1
2085 819 1
2078 135 -1
2241 883 1
873 317 -1
1976 785 -1
1976 783 1
418 63 1
1750 674 -1
1750 672 1
2038 806 1
991 374 -1
2344 931 1
1261 69 1
1005 383 1
2085 2 -1
1199 3 -1
944 9 -1
776 286 1
63 33 1
1884 46 -1
1604 86 1
2475 748 -1
2225 871 1
1153 440 -1
757 224 1
2301 879 -1
1864 737 -1
1487 136 -1
2147 298 1
2498 9 -1
2227 439 -1
385 70 1
444 17 -1
2365 3 -1
1597 55 1
859 40 -1
1772 677 1
521 41 1
186 60 1
1790 1 1
2175 26 -1
1790 2 -1
1029 228 1
1051 397 -1
100 14 -1
2323 9 -1
2165 41 -1
1687 153 -1
951 355 -1
1616 572 -1
2096 824 -1
2096 827 1
921 77 1
11 9 1
767 1 1
11 2 1
1437 9 -1
1437 8 -1
142 12 -1
775 119 1
413 129 -1
1121 411 -1
2316 54 -1
858 3 1
439 34 -1
356 59 -1
2012 796 1
407 81 -1
329 13 1
2425 953 -1
1549 617 1
494 167 1
2474 3 -1
875 328 -1
875 329 1
1411 9 1
1411 8 -1
1673 128 -1
1897 752 1
1897 751 -1
172 41 1
79 17 -1
296 96 -1
1882 63 -1
348 113 1
1618 228 1
1632 638 -1
972 366 -1
972 367 1
1067 392 -1
361 26 -1
2486 972 -1
338 70 -1
1264 294 -1
2015 782 -1
923 1 1
2043 75 -1
1674 3 1
287 94 1
2369 8 1
2369 9 -1
984 3 -1
1583 16 1
2375 9 -1
2375 8 1
2346 198 1
839 224 -1
620 216 1
1976 311 1
788 67 1
1229 49 1
971 15 -1
2474 674 -1
498 155 -1
435 3 1
1279 489 -1
2489 977 1
33 1 1
2070 3 -1
2048 782 1
2489 978 -1
456 3 1
674 72 -1
1019 355 -1
2040 3 -1
1140 435 -1
2161 826 -1
848 316 1
848 310 -1
1863 52 -1
2055 805 1
1349 9 1
1349 8 -1
411 2 1
411 1 -1
1341 510 1
2084 733 -1
346 43 -1
954 26 -1
376 120 1
376 121 -1
2436 928 -1
206 41 -1
1509 9 -1
599 1 -1
1940 775 1
1268 41 -1
2222 26 -1
666 229 1
1515 8 1
2271 896 -1
2271 893 1
1610 1 -1
1610 2 1
1415 552 1
1610 8 1
1610 9 -1
1330 17 0
441 17 -1
1330 15 0
1351 34 1
1883 744 1
420 16 1
246 41 -1
664 234 1
591 1 1
1701 656 1
1022 362 1
1671 656 -1
1951 779 -1
1997 789 -1
2018 554 -1
912 346 1
61 8 -1
2466 959 -1
2387 938 -1
2389 18 -1
464 21 1
1529 63 1
1540 271 -1
1904 757 1
1608 46 1
2056 8 1
1068 405 -1
1085 413 1
1068 406 1
1856 734 -1
1856 735 1
1904 758 -1
2022 43 -1
289 74 -1
1468 294 -1
993 18 1
1424 559 1
1260 479 1
1260 476 -1
1260 477 1
1056 103 1
1247 8 -1
43 2 -1
572 60 -1
594 56 -1
979 369 -1
43 8 -1
752 74 -1
1383 128 -1
1221 158 -1
1413 70 1
334 106 -1
334 107 1
1061 400 1
400 78 -1
134 8 1
2430 151 1
2045 796 -1
662 238 1
1525 8 1
1197 458 1
1973 63 -1
1979 3 -1
326 74 -1
2364 924 -1
1798 30 1
2493 957 1
2313 18 1
1046 395 -1
1046 399 1
555 180 -1
555 187 1
2486 967 -1
687 234 -1
1041 311 1
673 40 -1
1004 34 -1
2100 15 -1
1397 548 -1
1766 690 -1
1766 692 1
674 63 1
1525 605 -1
1578 3 1
381 123 -1
731 100 -1
334 2 -1
184 8 -1
184 9 1
1159 158 -1
862 318 1
184 3 1
817 286 -1
2473 748 1
1147 438 -1
1147 439 1
2420 951 1
817 289 1
2473 966 -1
1394 548 1
677 245 -1
677 244 1
1394 547 -1
2357 695 -1
2477 2 -1
204 1 -1
2477 1 1
2016 797 -1
907 310 1
150 44 1
907 317 -1
1303 172 1
856 318 -1
1057 3 -1
1095 34 -1
349 9 -1
349 8 1
393 8 -2
2337 804 -1
1876 3 -1
438 18 -1
1078 398 -1
393 1 1
2450 666 1
1641 580 1
1976 105 -1
1601 191 1
383 9 1
1529 602 1
224 45 -1
355 3 1
1274 124 -1
682 17 1
713 16 1
1797 706 1
1797 705 -1
1352 128 -1
1499 509 -1
1113 426 1
1705 664 -1
335 34 -1
1306 3 1
271 93 1
271 92 -1
1128 431 1
1602 558 1
801 289 -1
1575 72 1
1314 56 -1
2260 77 -1
1082 412 1
1198 458 -1
1981 270 1
846 119 -1
569 190 -1
2069 816 -1
921 257 -1
439 59 1
518 9 1
518 8 -1
586 198 1
586 197 -1
1924 13 -1
1684 59 1
2282 894 -1
2090 821 -1
863 8 -1
1402 549 1
440 26 -1
1780 5 1
2237 1 1
1170 240 -1
1205 387 -1
462 83 1
2070 105 1
1892 748 1
79 32 1
1290 16 -1
2434 86 1
596 197 -1
948 359 -1
635 221 -1
379 28 1
1531 128 -1
1237 16 1
361 40 1
141 13 -1
2339 926 1
1422 557 1
1422 556 -1
1428 89 1
800 49 1
1631 17 1
797 52 -1
1411 273 1
1501 593 -1
2043 16 1
2091 9 -2
1474 16 -1
2424 953 1
1615 89 1
1560 115 -1
2074 8 1
302 41 -1
2063 813 1
1811 86 1
1439 568 1
478 55 -1
1439 560 -1
1155 412 1
982 366 -1
1106 158 1
2013 3 -1
2255 700 1
929 43 1
929 44 -1
1704 665 1
1609 8 1
1132 16 1
367 118 1
2177 636 1
367 117 -1
1042 302 -1
215 76 1
645 2 -1
1534 3 -2
1242 2 -1
893 335 1
893 336 -1
2247 885 -1
2247 888 1
527 15 1
527 17 -1
521 112 -1
1066 403 -1
1742 660 1
708 252 -1
2423 169 -1
1146 437 -1
1017 387 1
1146 438 1
2390 801 -1
496 34 1
631 86 -1
1625 3 -1
1258 3 1
2165 520 1
694 255 1
694 254 -1
1790 246 -1
1880 563 -1
282 59 1
1689 658 -1
1485 569 -1
1217 8 1
1874 8 -1
1909 757 -1
1987 2 1
1443 9 1
970 76 1
1109 3 -1
1319 128 -1
864 322 1
1321 438 -1
331 8 -1
1786 701 -1
1786 702 1
2487 977 1
1746 680 -1
460 18 -1
1273 91 -1
587 17 -1
353 114 -1
2448 962 1
1594 632 -1
372 9 1
372 8 -1
85 17 -1
760 278 -1
1246 15 1
641 17 1
1621 41 1
1390 15 1
1390 17 -1
1358 530 1
1303 499 -1
2169 856 1
132 15 1
2361 803 1
2052 378 1
1990 788 1
401 55 -1
1990 786 -1
1056 15 -1
1061 245 -1
1195 2 1
572 41 1
2118 41 1
1636 635 -1
352 2 -1
255 3 -1
1028 79 -1
2261 213 -1
1024 389 1
2135 3 1
89 18 -1
1613 635 1
1613 633 -1
2140 77 -1
2237 882 1
1893 3 1
898 311 -1
1897 15 -1
1276 49 -1
1575 622 -1
1911 3 1
249 2 1
1784 698 -1
2289 3 -1
2244 121 -1
326 58 1
1962 9 1
705 260 -1
2495 914 1
1991 772 -1
1303 9 1
1385 16 -1
621 216 -1
1859 18 1
1331 105 -1
1859 15 1
88 1 -1
88 2 0
277 59 1
1004 15 1
2363 803 -1
1773 693 -1
2394 843 1
1773 694 1
2099 818 1
1524 59 1
1499 592 1
2082 196 -1
773 113 -1
1572 2 1
1572 1 -1
1473 576 1
1473 578 -1
683 8 -1
1423 3 -1
2038 796 -1
1264 481 1
538 112 0
1436 509 -1
1443 41 1
1747 3 -1
70 1 -1
857 319 -1
70 3 -1
150 23 -1
130 53 1
1899 557 -1
1435 565 1
395 3 -1
379 123 -1
1523 604 -1
1435 563 -1
2250 64 1
1850 730 -1
15 8 -1
15 9 -1
2404 45 -1
15 7 1
1095 59 1
241 16 -1
2284 3 1
1951 778 1
1809 8 1
2465 8 -1
1235 469 -1
2429 241 -1
2347 8 -1
542 184 1
2199 16 -1
1366 534 -1
1695 661 1
1695 660 -1
2256 8 1
2277 16 -1
1656 169 1
31 21 1
2246 886 -1
2246 887 1
1831 3 1
1195 436 1
562 56 -1
385 3 -1
2019 196 -1
507 58 1
1663 653 1
1110 420 -1
2443 954 -1
463 141 1
2443 959 1
1018 95 1
937 2 -1
1728 72 -1
1730 95 -1
1323 438 1
1676 77 1
444 52 1
945 358 -1
1705 46 1
927 3 1
1103 418 -1
2410 949 1
2349 932 1
496 155 1
1607 90 1
2064 814 1
1130 17 -1
356 13 -1
641 225 -1
2161 3 1
164 25 -1
1289 8 1
1289 9 -1
1191 452 1
723 267 1
1394 9 -1
690 252 1
1191 454 -1
980 1 -1
980 2 1
214 59 -1
1975 785 1
593 72 1
634 220 -1
634 221 1
1975 783 -1
613 212 1
260 2 1
1158 441 -1
1158 442 1
1327 512 -1
1327 510 1
2331 63 -1
1679 657 -1
468 9 1
2300 899 1
1952 1 1
1886 743 -1
1886 746 1
1638 1 1
1721 675 1
191 69 1
439 3 -1
126 50 -1
1458 8 -1
1458 9 1
927 352 -1
1894 750 1
1085 412 -1
1226 148 1
1827 1 -1
1827 2 1
1952 142 1
2343 929 -1
1116 427 -1
1116 428 1
941 27 -1
1654 3 1
1704 648 -1
1857 9 -1
2302 911 -1
1932 224 -1
2136 746 1
415 9 -1
415 8 1
2234 880 -1
2367 934 -1
679 246 1
514 174 1
514 173 -1
2082 8 -1
175 8 1
1608 184 -1
595 8 -1
1400 533 1
1400 534 -1
1081 387 1
2080 817 1
354 54 -1
1008 26 -1
1582 628 -1
1582 629 1
169 3 -1
1057 355 1
2378 17 -1
2455 966 1
1096 9 -1
1301 246 -1
1485 585 1
2375 600 1
425 135 1
2025 70 -1
1835 224 1
954 63 1
732 74 -1
1753 686 1
1753 685 -1
445 49 -1
946 135 1
563 60 1
1334 41 -1
1883 562 -1
1837 723 1
438 140 1
314 93 -1
980 16 1
2301 911 1
279 54 1
2151 843 -1
2497 979 -1
2498 980 1
2262 892 1
2262 891 -1
1736 119 -1
1395 542 1
1395 546 -1
2268 895 -1
2268 894 1
2149 844 1
1063 404 -1
1063 405 1
1063 400 -1
2026 16 1
710 8 -1
375 59 -1
85 37 1
2391 18 -1
2243 18 1
718 3 1
2380 687 -1
1922 199 -1
1477 3 1
1735 224 1
1735 228 -1
10 2 -1
401 76 1
2195 16 -1
1901 756 1
1504 573 1
1257 34 1
423 55 1
998 16 1
2497 677 1
423 59 -1
19 11 0
1221 119 1
2251 1 1
1024 362 -1
1832 2 1
1832 1 -1
577 193 -1
577 194 1
774 8 -1
1591 631 -1
1972 3 1
853 263 1
2174 858 -1
79 2 -1
2014 782 1
2122 267 -1
1798 79 -1
1106 160 -1
1205 462 1
1412 1 1
2242 884 1
1053 1 0
1053 3 1
2407 947 1
427 136 -1
1759 669 -1
746 9 1
454 146 1
1644 639 1
532 15 -1
1580 328 1
1218 459 -1
965 357 -1
1611 46 -1
827 9 -1
2070 311 -1
532 19 1
629 191 1
861 201 1
628 216 -1
1468 9 -1
1468 8 1
1054 70 -1
255 85 -1
462 3 -1
499 34 -1
218 8 1
218 9 -1
831 286 -1
729 82 -1
1905 82 -1
2376 8 1
2376 9 -1
2481 175 1
916 16 1
107 17 -1
1584 228 -1
1685 9 1
1574 626 1
1354 1 1
465 3 1
949 77 1
2055 8 1
2055 9 -1
924 349 -1
1398 545 1
1398 542 -1
1699 9 -1
1197 456 -1
441 141 1
638 223 1
2321 908 -1
846 17 -1
977 43 -1
1858 77 1
957 154 1
283 60 -1
1476 576 -1
1342 1 -1
397 39 -1
1425 552 -1
1342 8 -1
1342 9 1
1101 416 -1
1964 92 -1
1964 93 1
1195 457 -1
1122 45 1
522 16 -1
763 282 1
927 77 1
1093 412 1
1093 413 -1
713 59 1
1242 131 -1
309 79 -1
1879 741 -1
2209 868 -1
563 144 1
930 350 -1
432 34 1
819 286 1
819 289 -1
122 26 -1
1605 9 1
1450 139 -1
1049 2 2
980 13 1
1049 8 -1
1102 133 -1
2154 16 -1
1347 8 -1
1728 8 -1
2067 3 1
21 10 1
623 34 1
1071 1 1
2248 60 1
99 3 -1
1537 604 1
1877 100 1
403 14 -1
403 16 1
403 17 1
1720 673 -1
588 200 1
1336 60 1
1800 706 -1
1800 707 1
187 26 -1
1712 1 -1
2492 599 1
1654 89 1
2352 169 1
66 8 1
2168 854 -1
889 310 -1
1209 450 1
1093 3 -1
422 63 -1
214 75 1
2240 40 1
1203 9 -1
948 310 1
1606 184 1
1999 772 -1
2435 151 -1
2304 9 1
2304 8 -1
1486 585 -1
1486 586 1
608 207 -1
797 18 1
721 117 1
1874 69 1
1721 656 -1
608 209 1
797 13 1
191 46 -1
1816 89 1
602 188 -1
807 224 1
1560 621 1
958 8 -1
2094 819 -1
2276 9 -1
2348 65 1
807 228 -1
270 60 1
294 96 1
2141 135 1
11 10 -1
491 17 1
2270 896 1
965 76 -1
962 16 -1
736 16 1
2346 139 -1
344 111 -1
2191 70 1
2191 94 -1
1433 564 -1
1586 3 -1
1957 55 1
726 267 -1
1138 433 -1
342 23 1
2193 198 1
705 15 1
129 31 -1
247 41 1
451 75 1
1134 434 1
2476 954 -1
2075 1 -1
2263 882 -1
416 63 1
1347 523 1
354 75 1
358 66 -1
716 252 -1
1132 3 -1
1420 18 1
391 80 -1
1628 631 1
2106 3 -1
1565 228 1
1708 16 1
2087 2 -1
34 2 -1
225 11 -1
1382 542 1
1382 541 -1
225 15 1
2104 825 1
2370 13 -1
394 9 1
394 8 -1
660 12 -1
1052 400 -1
1052 401 1
311 8 -1
475 43 1
2020 203 1
1827 46 -1
1446 566 -1
2363 9 1
804 297 1
1059 402 -1
592 100 -1
1363 532 -1
411 23 -1
1779 8 -1
119 40 -1
1004 2 1
119 49 1
1779 7 -1
2456 834 1
415 52 1
1075 42 1
2460 3 1
1075 41 -1
1259 117 -1
2153 843 -1
2153 842 1
2485 975 1
833 131 1
2403 944 -1
2403 945 1
1087 415 1
1087 414 -1
1087 411 -1
2202 8 -1
2202 9 1
319 92 -1
1551 228 1
554 9 1
1593 632 1
1617 1 1
1965 8 1
2275 899 1
1504 593 -1
581 18 -1
236 80 -1
423 75 -1
2019 433 1
1221 131 1
1026 137 1
1589 1 -1
2436 322 -1
2144 393 -1
64 3 1
529 9 1
2130 3 1
137 8 -1
137 9 1
308 100 1
2397 775 1
137 2 -1
1558 619 -1
39 1 1
39 2 1
1829 720 -1
1697 89 1
1121 241 1
1091 407 -1
1257 59 -1
1055 50 1
535 8 -1
1859 59 -1
838 310 1
1043 140 1
1385 59 1
808 271 1
468 46 1
2314 697 -1
1787 694 -1
2175 13 1
1270 3 1
2064 8 1
1411 550 -1
2345 918 1
1356 528 1
613 176 -1
1356 527 -1
1054 16 -1
2082 270 1
1895 557 1
2063 447 -1
1278 8 -1
1278 9 1
776 72 1
155 28 1
811 300 1
1206 9 1
609 9 -1
827 198 1
2329 128 -1
1574 603 -1
1329 17 1
651 223 -1
722 26 0
2062 782 1
910 310 1
491 163 -1
130 15 -1
241 51 1
491 164 1
2238 3 -1
23 8 1
1513 224 1
2194 867 -1
843 314 1
2259 882 1
1089 417 1
1089 416 -1
23 1 1
2255 151 -1
843 312 -1
1204 158 1
1214 8 -1
1033 77 1
1629 608 -1
1237 365 -1
2179 8 1
1875 3 1
1960 9 -1
1661 16 -1
160 61 1
1983 69 1
97 39 1
397 16 1
1624 8 1
2307 9 -1
1996 1 1
1996 2 -1
688 250 1
2095 825 -1
1437 191 1
492 165 1
492 164 -1
256 26 -1
1373 150 -1
1593 137 -1
507 15 -1
1849 730 1
625 3 -1
1556 608 -1
1151 8 0
447 18 1
870 43 1
2171 857 1
1556 607 1
432 15 1
432 17 -1
1199 428 1
396 3 -1
1885 69 1
147 8 1
1733 631 -1
45 26 1
57 1 -1
665 16 -1
136 54 1
1640 9 -1
684 17 1
1173 442 1
1413 522 -1
2450 8 -1
1173 448 -1
945 311 1
2295 909 1
1065 43 1
1073 16 -1
1688 658 1
1688 654 -1
1306 241 1
1415 419 -1
2141 9 1
14 12 -1
293 59 1
2417 3 -1
157 2 -1
1942 748 1
202 40 1
1796 703 -1
2482 972 1
202 49 -1
772 113 1
345 8 -1
1934 767 -1
1125 430 1
682 247 -1
1511 598 -1
1511 599 1
2069 16 1
2303 912 1
469 149 1
1965 93 -1
2240 64 -1
316 2 -1
1031 144 -1
614 213 1
614 212 -1
1998 787 1
443 16 1
2385 43 1
1913 361 -1
2428 241 1
171 1 -1
466 55 -1
750 228 -1
886 17 -1
833 307 -1
833 308 1
1972 774 1
353 2 1
1767 103 1
959 360 -1
959 362 1
2128 839 -1
506 172 1
2447 960 -1
2447 961 1
1179 446 -1
1179 444 1
2419 951 -1
2176 860 1
2214 787 1
30 20 1
749 196 -1
2217 8 1
497 168 -1
497 169 1
336 25 -1
841 312 -1
841 313 1
733 74 1
551 2 1
1484 136 1
374 120 -1
374 121 1
2438 559 1
1403 550 1
278 8 1
278 9 -1
1896 749 -1
1543 2 -1
1643 646 1
1304 8 1
1304 9 -1
1238 124 -1
1291 46 -1
2207 9 -1
764 76 -1
268 59 1
1322 104 1
2089 821 1
1098 46 -1
2464 834 -1
194 70 -1
451 55 -1
1914 754 -1
207 63 -1
1223 294 1
1347 504 -1
521 109 1
922 201 1
996 159 1
1366 536 1
282 34 -1
1715 671 -1
532 9 -1
536 182 -1
536 183 1
821 147 1
714 3 1
976 369 1
931 135 1
2406 946 1
247 60 -1
96 26 -1
14 2 1
475 63 -1
1929 769 -1
1245 472 1
676 244 -1
1077 16 1
582 58 -1
548 8 1
1446 509 1
2093 196 1
729 9 1
729 8 -1
128 31 1
2255 9 -1
963 328 1
2440 957 -1
2291 585 -1
770 9 -1
770 8 1
1253 398 1
2422 195 1
1194 457 1
709 72 1
1598 542 -1
2236 70 1
721 9 1
985 55 -1
1734 677 -1
1734 674 1
445 80 1
417 133 1
828 301 1
952 77 -1
952 76 1
2442 914 -1
1846 727 -1
2401 944 1
1846 728 1
492 1 -1
1969 781 -1
1816 8 1
1816 9 -1
41 13 1
823 3 -1
41 19 -1
1432 564 1
1182 444 -1
2206 681 1
1761 688 -1
878 327 -1
923 45 1
423 16 1
551 63 -1
2356 918 -1
770 262 -1
1599 92 -1
1160 413 1
1160 412 -1
1898 753 1
231 30 -1
2004 3 0
122 1 -1
943 328 1
34 22 1
1196 3 1
766 282 -1
1257 74 -1
525 178 1
2115 835 -1
525 177 -1
1955 9 1
1178 1 1
691 253 1
901 131 -1
485 160 1
114 44 -1
114 45 1
170 52 -1
2144 9 -1
2144 8 1
702 192 -1
1104 416 1
340 26 -1
262 84 1
2162 847 -1
2172 858 1
2172 857 -1
451 3 -1
1383 9 -1
1383 8 1
2390 687 1
1594 85 1
1146 9 1
1099 55 -1
1838 724 1
2065 733 1
2267 894 -1
2267 895 1
2155 15 -1
1818 707 -1
349 112 1
1248 31 -1
1308 503 1
284 22 -1
2306 23 1
2423 843 1
1747 73 -1
934 342 1
1299 45 1
1470 576 -1
283 22 1
91 38 -1
2177 848 -1
176 1 -1
1598 633 1
1767 77 -1
1445 16 -1
745 26 -1
673 240 -1
1864 1 1
2368 831 1
1088 137 1
2088 228 -1
1867 636 1
1624 637 -1
776 285 -1
281 84 -1
1442 294 1
1363 9 -1
470 1 -1
870 67 -1
1097 8 1
229 59 1
1741 660 -1
956 105 1
312 101 -1
311 54 -1
321 103 1
321 100 -1
1957 46 -1
271 17 -1
271 15 1
2334 804 1
2354 16 -1
2226 877 1
2226 876 -1
1175 442 -1
1868 77 1
2203 113 -1
328 104 1
2468 970 1
914 347 -1
956 361 -1
1846 113 -1
2256 890 1
1165 241 -1
2305 803 1
2311 843 1
140 50 -1
1512 596 -1
488 109 1
2174 28 -1
1379 540 -1
458 63 -1
856 319 1
1473 16 1
272 93 -1
1675 18 -1
535 182 1
535 180 -1
1888 311 1
1780 9 1
1517 596 1
1839 376 1
17 1 0
17 2 0
83 26 1
2133 240 1
2446 197 1
1788 3 -1
2160 69 1
2160 60 1
387 124 -1
387 125 1
1510 8 1
1036 393 1
2334 922 -1
1803 9 1
109 15 1
824 286 -1
1561 18 -1
1117 3 1
1885 105 1
2102 8 -1
1730 2 1
1730 1 -1
1403 533 -1
1405 545 -1
1957 2 1
1591 425 1
2377 9 1
2377 8 -1
1136 1 -1
217 26 -1
2421 600 1
1576 627 1
1576 626 -1
1813 9 1
1813 8 -1
406 81 1
1334 128 -1
426 136 1
426 135 -1
46 27 1
46 26 -1
1098 69 1
1737 578 -1
1500 586 -1
2433 748 -1
1507 595 1
831 306 1
2199 869 1
1834 34 -1
1310 503 -1
391 49 1
1310 505 1
13 12 1
2110 833 1
403 127 1
403 126 -1
204 41 -1
704 258 -1
33 13 -1
33 18 1
1353 2 -1
1473 2 1
1473 1 -1
2399 775 -1
940 8 -1
1683 195 1
1683 196 -1
2264 531 -1
994 2 -1
1404 142 1
1696 8 -1
740 59 1
1933 55 1
1371 142 1
1329 516 1
98 3 1
1076 3 -1
231 9 1
2297 910 1
2397 8 1
937 354 -1
937 356 1
854 263 -1
1380 3 1
203 2 -1
836 302 -1
2036 186 -1
623 217 -1
1945 777 -1
1324 513 1
1702 576 1
2434 84 -1
1408 135 -1
522 3 1
1941 775 -1
1620 572 1
1702 579 -1
1743 680 1
2077 8 -1
865 323 1
865 322 -1
603 18 1
1762 689 1
743 259 -1
1870 352 -1
463 16 -1
463 15 -1
2307 8 1
786 80 1
1298 246 1
2192 469 -1
1761 669 1
1364 3 1
481 158 1
1833 721 -1
1531 52 1
2068 3 -1
796 2 2
484 37 -1
481 156 -1
502 137 -1
939 45 1
2444 677 1
1541 610 1
1659 169 -1
2222 876 1
173 37 1
1094 2 1
1705 3 1
1055 13 -1
2389 674 1
251 59 -1
1578 425 1
336 9 1
1210 8 1
1210 9 -1
635 8 1
1679 153 1
1879 8 -1
1685 142 1
1157 15 -1
602 205 1
867 17 1
646 1 1
1878 100 -1
290 3 1
318 15 -1
131 13 1
131 18 1
1142 15 -1
499 59 1
1216 462 1
2432 831 -1
629 9 -1
1805 711 1
663 239 1
412 129 1
412 128 -1
1313 56 1
1212 465 1
412 125 -1
1313 59 -1
1866 739 1
1866 738 -1
678 243 1
2452 958 -1
1027 387 1
228 3 -1
143 3 1
988 312 -1
2132 128 1
746 40 1
37 18 1
816 302 1
1013 385 -1
2084 2 1
2027 799 -1
2197 2 -1
925 135 -1
37 8 1
2188 864 -1
1343 67 -1
825 302 1
834 309 1
834 308 -1
825 304 -1
2021 203 -1
2107 831 1
2107 830 -1
760 280 1
1304 43 1
500 137 1
590 200 -1
1304 45 -1
2290 534 -1
1564 196 1
229 75 -1
298 9 -1
1131 3 1
2433 554 1
432 59 -1
2105 3 -1
448 143 1
91 16 1
845 70 -1
658 206 1
2332 804 -1
347 1 1
347 2 -1
1426 43 -1
276 3 -1
1021 3 -1
408 18 -1
1513 591 -1
408 17 -1
2261 891 1
2186 863 -1
90 38 1
2186 860 1
2365 935 1
2365 933 -1
2203 235 1
1392 509 -1
2420 952 -1
2108 831 -1
1550 16 1
1966 9 -1
2149 748 -1
712 34 -1
891 34 1
1706 668 1
1426 558 -1
534 23 1
488 161 -1
187 40 1
1908 8 -1
1393 135 -1
1970 3 -1
1393 137 1
764 136 1
2049 420 1
1824 631 1
860 320 1
1125 12 -1
65 3 -1
65 2 1
65 1 -1
143 17 -1
143 15 1
1455 571 1
1455 570 -1
1308 8 -1
2382 8 -1
1722 49 -1
1652 639 1
2203 8 -1
939 135 -1
971 366 1
899 105 -1
516 3 1
2139 113 1
2250 41 -1
2441 273 -1
2404 322 1
355 16 -1
355 18 1
2074 228 1
1013 8 1
233 15 -1
2179 861 -1
2179 862 1
2235 516 1
570 58 1
138 9 -1
138 8 1
2409 937 -1
1434 89 0
571 9 1
608 8 1
979 131 -1
171 60 -1
171 64 1
1217 462 -1
1149 438 1
1149 439 -1
306 98 -1
306 95 1
2423 674 1
222 18 1
1999 311 1
113 43 -1
113 44 1
273 70 1
1232 124 -1
1811 26 -1
1614 84 -1
348 69 -1
2030 803 1
2030 801 -1
832 307 1
832 306 -1
2013 794 -1
1719 672 -1
1719 674 1
2013 798 1
364 69 -1
1543 611 -1
1543 612 1
2388 940 -1
2072 18 -1
2213 871 -1
2213 870 1
2391 941 1
544 1 1
1585 3 1
2451 666 -1
2453 428 -1
2355 885 1
447 139 1
1054 49 1
1817 698 1
1721 18 -1
1466 46 1
2001 8 1
247 23 1
1033 144 1
275 70 -1
1520 128 -1
1959 774 -1
493 109 -1
1215 9 1
495 2 1
1215 184 -1
1763 690 1
2147 843 -1
1958 438 1
1472 294 -1
1172 446 -1
740 34 -1
1172 449 1
1834 351 1
2200 825 1
1623 1 -1
963 363 -1
1623 9 -1
1693 659 1
2402 175 -1
2415 460 -1
1482 584 1
1482 582 -1
87 8 1
2159 41 -1
617 108 1
617 109 -1
2215 825 -1
2215 826 1
2347 853 -1
2442 958 1
2105 818 1
146 9 -1
993 38 1
2148 9 1
1643 3 -1
1076 140 -1
523 109 -1
854 16 1
2326 920 -1
2326 921 1
1577 63 1
784 290 1
2416 9 1
1247 31 1
520 169 -1
1535 605 1
2144 842 1
812 301 1
812 300 -1
1018 16 1
2124 793 -1
2243 95 1
527 16 1
1841 38 -1
983 370 -1
164 8 1
918 9 1
2196 95 1
146 26 -1
1847 119 1
317 2 1
299 84 1
1685 128 -1
707 252 1
707 256 -1
2238 41 1
318 33 1
911 257 1
172 2 1
2445 960 1
885 3 1
922 2 -1
1276 487 -1
1276 488 1
2286 880 1
21 2 -1
1431 561 -1
1431 563 1
2170 855 1
2170 856 -1
1368 520 -1
2314 908 1
1017 386 -1
2071 105 -1
1966 734 -1
1142 34 1
2290 585 1
1514 599 -1
554 72 1
327 73 1
145 56 -1
1908 9 1
774 41 -1
155 41 1
1799 30 -1
417 73 -1
365 18 1
805 224 -1
681 8 -1
560 2 1
1063 97 1
988 374 1
94 16 1
880 18 -1
434 3 -1
511 142 1
693 3 1
177 18 1
1781 700 -1
2228 877 -1
2228 876 1
2200 3 1
703 17 -1
203 40 -1
576 8 1
1410 544 -1
2205 54 1
1284 3 -1
1699 579 1
2320 916 -1
1861 732 -1
1861 736 1
2254 8 1
1222 69 -1
528 8 -1
881 310 -1
498 43 -1
2002 2 -1
2383 112 1
533 8 -1
759 278 1
2414 460 1
1953 780 1
408 34 1
1168 59 -1
913 347 1
913 346 -1
116 47 1
116 40 -1
1532 581 -1
2296 41 1
90 16 -1
2371 677 1
1332 516 -1
1066 146 1
2057 17 1
1378 135 -1
1457 569 -1
1993 788 -1
1058 43 1
476 154 1
476 153 -1
771 9 -1
717 264 -1
717 265 1
1882 742 -1
1071 41 1
54 2 1
2377 16 -1
732 3 1
670 241 -1
1435 43 1
2414 949 -1
1559 26 1
867 325 1
867 324 -1
2103 259 1
312 26 1
1978 554 1
1366 158 -1
970 357 1
108 15 -1
997 159 -1
820 9 1
2444 554 -1
235 59 -1
1191 3 -1
960 15 1
233 32 1
2420 3 1
2063 16 -1
2005 793 1
2294 907 -1
1023 355 1
404 124 1
404 125 -1
1402 142 -1
135 1 1
135 2 -1
185 15 1
1593 84 -1
185 17 1
1855 734 1
1372 9 -1
1695 84 -1
1831 16 -1
1666 228 1
1357 529 1
180 52 -1
2284 16 -1
990 8 1
1178 32 -1
1754 672 1
32 13 1
2373 934 1
787 284 -1
12 11 -1
466 8 -1
1938 393 1
570 73 -1
2312 557 -1
1468 572 1
194 13 -1
2418 3 1
490 163 1
490 162 -1
194 19 1
655 235 -1
1177 3 1
905 131 1
1046 2 -1
751 189 -1
1495 9 1
1984 127 1
1136 158 -1
1436 45 1
822 304 1
822 302 -1
1384 3 -1
1505 95 -1
1115 9 1
714 264 1
1497 590 1
1858 199 -1
564 18 1
1651 211 1
705 92 1
181 17 1
1520 104 1
493 166 1
1034 85 1
1269 484 1
2125 9 1
706 17 1
706 15 -1
2204 870 -1
599 202 -1
382 8 -1
52 25 1
52 26 -1
962 311 -1
652 232 -1
1867 8 1
1672 1 1
1672 2 -1
2035 796 1
1513 128 1
2361 600 -1
103 40 1
2252 887 1
1169 43 -1
2252 889 -1
1540 128 1
198 17 1
473 8 -1
198 11 -1
2302 826 1
1360 1 -1
1236 3 -1
864 321 -1
1098 3 1
580 58 1
2180 15 1
105 26 -1
2280 901 -1
2280 900 1
313 74 1
2150 843 1
2150 844 -1
1728 100 1
2445 959 -1
1447 8 1
1990 748 -1
1225 294 -1
974 368 -1
974 367 1
543 15 -1
1109 246 1
1981 195 -1
2114 825 -1
1465 575 -1
1465 576 1
357 69 -1
1219 467 1
2435 890 1
2093 822 -1
1626 634 1
1641 644 -1
792 139 1
806 73 1
1256 475 -1
1256 474 1
1247 15 -1
1946 89 -1
667 17 1
449 143 -1
51 30 1
1606 228 -1
1841 16 1
1445 565 -1
2294 3 1
2414 8 1
1591 2 1
1597 80 -1
251 12 -1
783 26 1
1729 674 -1
1828 23 -1
1729 677 1
1299 1 -1
977 8 1
1299 2 1
1749 683 1
1510 597 -1
1272 91 1
1143 16 1
1510 598 1
1646 8 1
1551 615 -1
1733 9 1
249 37 -1
249 34 1
429 138 1
429 137 -1
1414 43 1
1414 41 1
1935 769 1
851 8 1
2282 9 -1
630 73 -1
1380 142 1
874 328 1
353 112 1
1852 113 1
774 26 1
1852 119 -1
772 8 1
887 333 -1
327 58 -1
1359 522 1
2448 961 -1
1948 760 -1
1313 17 -1
194 16 -1
2426 109 -1
417 16 -1
1971 774 -1
986 366 -1
1842 723 -1
1842 725 1
1349 524 1
179 1 1
284 41 1
1567 45 -1
933 26 1
394 112 -1
2146 9 1
1462 9 1
915 131 -1
1023 388 -1
943 9 1
943 8 -1
2368 898 -1
471 153 1
471 152 -1
1068 34 -1
811 297 -1
1033 391 -1
1400 3 -1
1200 370 -1
2205 79 -1
175 52 1
1787 703 1
1478 9 1
69 1 -1
1301 499 1
1193 455 -1
2378 8 -1
1193 456 1
1822 718 1
1680 131 -1
2091 823 1
1822 716 -1
801 2 -1
1030 18 -1
528 178 -1
528 179 1
2142 447 -1
200 9 1
1442 8 -1
1019 388 1
1073 94 -1
619 214 -1
1480 582 1
309 9 -1
2482 973 -1
309 8 1
995 1 1
226 9 -1
1287 492 -1
1287 495 1
695 12 1
2386 3 -1
2200 869 -1
1928 769 1
1928 768 -1
1442 273 -1
989 9 -1
1392 547 1
1764 394 -1
443 3 -1
562 100 1
2169 855 -1
2146 131 -1
1332 8 1
1620 15 1
1620 17 -1
903 339 1
495 168 1
373 8 -1
495 165 -1
230 8 -1
1139 435 1
1905 263 1
2173 557 1
1083 203 1
770 285 1
2189 1 -1
2189 2 1
2 4 1
2154 832 -1
2167 852 -1
1328 9 1
1409 419 1
737 77 -1
724 2 -1
1512 600 1
39 19 -1
657 236 1
2088 447 -1
1789 701 -1
1007 72 1
1073 408 1
2496 966 -1
2284 905 1
2284 904 -1
1831 128 -1
55 18 1
47 26 1
47 27 -1
1978 748 -1
2208 146 1
648 229 -1
2208 142 -1
1254 465 -1
1970 782 1
1970 783 -1
1910 1 -1
1311 506 1
1311 505 -1
1298 128 -1
964 140 -1
2244 885 1
59 14 1
719 69 -1
1910 93 1
1498 590 -1
1498 591 1
127 50 1
942 49 1
127 52 -1
990 376 1
190 46 1
2202 870 1
1777 698 1
1777 697 -1
1691 72 1
634 8 -1
634 9 1
1187 370 -1
1211 3 1
2005 8 1
89 2 -1
1553 608 1
505 153 1
1848 9 -1
164 34 1
1774 8 -1
364 23 -1
2033 339 1
2112 93 -1
1489 584 -1
1355 527 1
2274 831 -1
1907 759 -1
111 18 -1
611 153 1
1229 8 1
1229 9 -1
796 31 -1
594 82 1
2107 9 1
531 181 -1
531 180 1
2429 322 1
1163 443 -1
1360 529 -1
2347 600 1
142 3 -1
2120 825 -1
142 1 1
1803 710 1
963 16 1
1756 2 1
637 219 -1
1647 3 1
2148 298 -1
2145 842 -1
2145 843 1
2192 16 -1
452 52 -1
181 8 1
2190 9 -1
536 9 1
36 9 -1
2123 227 -1
158 1 1
293 2 -1
2056 196 -1
1871 740 1
245 3 1
967 16 -1
2182 198 -1
2180 77 -1
259 1 -1
2221 874 1
2221 875 -1
1202 428 1
303 3 1
1029 328 -1
2461 964 -1
1601 9 -1
1977 2 -1
2460 607 1
1290 478 1
61 32 1
603 72 -1
1461 8 -1
1463 523 -1
2051 311 1
751 228 1
102 17 -1
144 56 1
58 31 -1
1836 376 -1
2058 805 -1
1052 16 -1
772 276 -1
1696 662 1
2168 16 -1
1006 63 -1
2102 88 1
1113 8 -1
1867 69 -1
1037 392 -1
1164 413 -1
1037 394 1
1445 3 1
261 8 -1
697 8 -1
2140 199 1
1544 1 1
251 34 1
118 47 -1
118 40 1
232 41 1
888 26 -1
1143 34 -1
1251 291 1
1539 142 -1
2441 195 1
1414 60 -1
2201 15 -1
1302 131 -1
1181 59 -1
1459 9 -1
2004 17 0
2285 26 1
1288 8 1
1380 128 -1
578 195 1
578 194 -1
527 3 -1
237 81 1
1943 769 -1
1277 186 1
1424 115 -1
572 3 -1
1948 746 1
1072 55 -1
145 13 1
2178 860 -1
333 106 1
1462 166 -1
850 9 -1
371 117 1
850 2 -1
850 3 1
930 3 1
1643 89 -1
1582 3 -1
537 9 -1
1228 294 1
1410 553 1
541 74 -1
541 73 1
1150 49 -1
253 1 1
859 67 1
1536 535 1
1332 128 1
1936 772 -1
827 139 -1
2165 600 -1
443 128 -1
1492 120 1
1571 621 -1
1804 712 1
1804 710 -1
1492 128 -1
478 156 1
1344 67 1
563 185 -1
2393 940 -1
2393 942 1
325 28 1
1849 376 -1
1747 682 1
2135 734 1
518 15 -1
1267 482 -1
1267 483 1
879 328 -1
1321 16 -1
1662 38 -1
398 8 -1
1212 3 1
2218 3 1
1692 84 1
1692 89 -1
398 2 -1
2147 77 1
342 18 -1
969 328 -1
285 59 -1
256 87 1
1860 721 1
1860 722 1
1901 8 -1
2484 596 1
1241 398 -1
1452 228 1
1070 3 -1
2229 636 -1
2318 9 -1
184 16 -1
424 130 1
424 132 -1
1329 104 -1
2288 906 -1
814 113 -1
2292 907 1
1982 8 1
814 119 1
1844 18 -1
149 8 -1
960 357 1
2424 3 1
1647 67 1
1862 736 0
351 70 -1
1558 8 -1
1521 104 -1
1660 639 1
864 9 1
665 234 -1
2335 8 -1
719 8 -1
622 34 -1
141 3 1
252 83 1
1384 16 1
2357 878 1
466 150 1
566 8 1
2419 3 -1
110 42 1
1841 9 0
898 3 -1
1581 628 1
2497 169 1
1550 617 -1
1128 343 -1
250 23 -1
250 26 1
2257 531 1
1456 572 1
1847 726 1
2007 782 1
1847 728 -1
437 128 1
2223 439 -1
163 9 -1
180 15 -1
890 3 1
1738 676 -1
585 59 1
1738 678 1
919 1 -1
1009 381 1
1009 383 -1
2121 814 1
876 325 1
1642 639 -1
876 326 -1
1144 432 -1
77 31 1
509 63 -1
669 172 -1
728 59 1
1806 711 -1
1668 2 1
173 9 -1
1270 41 1
234 32 -1
1676 8 1
1676 9 -1
938 70 1
1016 92 -1
2079 404 -1
337 107 -1
2394 748 -1
711 259 1
337 108 1
178 16 -1
318 1 -1
1639 639 1
2155 845 -1
2155 846 1
932 349 -1
885 332 1
1684 2 1
1684 1 -1
1627 15 1
1239 120 1
2117 111 1
2190 94 1
2220 875 1
2220 874 -1
1830 228 -1
2437 956 1
2437 955 -1
692 1 1
1565 196 -1
1369 534 -1
2472 890 -1
1369 538 1
548 40 1
618 215 -1
317 33 -1
1939 8 -1
1375 526 1
1283 493 1
1081 411 -1
577 8 -1
1261 478 -1
2150 119 1
966 152 -1
2295 60 -1
2490 599 -1
675 3 -1
1295 2 -1
675 244 1
1768 693 1
1768 692 -1
1967 141 -1
343 111 1
1472 108 1
1847 17 1
53 1 1
2109 323 -1
61 13 -1
802 286 1
409 127 1
1123 16 -1
75 8 0
75 9 0
1948 3 -1
1407 142 -1
1230 329 1
1835 351 -1
1965 224 1
1035 85 -1
2049 160 -1
1772 684 -1
597 8 1
1050 392 1
1050 394 -1
1919 224 1
2313 23 -1
2286 8 1
983 312 1
1445 525 1
1604 8 -1
732 120 1
2239 311 -1
606 205 1
67 8 1
606 206 -1
1507 3 -1
67 1 -2
926 351 1
1156 264 1
775 189 -1
1694 660 1
1268 60 1
1508 16 1
80 32 -1
242 15 -1
242 13 1
2317 3 1
758 269 -1
2342 929 1
756 9 -1
2342 927 -1
1746 246 1
2408 937 1
73 35 -1
2359 83 1
1452 16 1
1181 34 -1
1127 15 -1
2027 801 1
1568 624 1
1289 95 1
2377 175 1
2469 970 -1
819 3 1
104 40 -1
1494 588 -1
1494 580 1
2083 270 -1
1069 3 1
640 225 1
1171 442 -1
117 48 1
117 46 -1
1171 448 1
1154 18 1
2335 898 -1
844 224 1
2321 917 1
1722 2 -1
203 26 1
261 89 -1
298 97 1
377 4 -1
1406 2 -1
377 1 -1
1230 17 -1
420 134 -1
2364 898 1
2333 9 1
642 12 1
642 17 -1
1744 681 1
1488 131 1
1752 683 -1
1008 34 1
1752 685 1
2285 905 -1
919 128 -1
546 185 1
48 28 1
18 3 -1
1663 3 -1
18 9 1
18 8 -1
1535 574 -1
188 26 1
987 372 -1
805 298 1
2010 783 -1
1022 387 -1
887 310 1
950 357 -1
31 20 -1
503 37 1
1110 424 1
1340 520 1
690 18 -1
2362 8 -1
65 16 1
2223 3 1
1102 55 1
381 9 1
1011 374 1
1907 26 1
1160 8 -1
1160 9 1
793 3 1
2140 8 -1
761 279 1
959 17 -1
126 52 1
680 205 -1
1683 8 1
1683 9 -1
38 12 -1
1702 8 1
727 34 -1
38 19 1
925 16 -1
1361 2 1
1730 72 1
2080 815 -1
161 46 1
48 1 -1
48 2 -1
92 13 1
331 105 1
480 155 1
480 157 -1
2453 964 1
1339 505 1
1161 361 -1
297 3 -1
1234 465 1
645 224 -1
645 227 1
810 293 -1
810 299 1
936 355 1
1220 467 -1
628 218 1
638 222 -1
425 128 -1
1898 17 1
1720 479 1
1097 419 -1
583 197 1
583 196 -1
1881 721 -1
1259 478 1
808 139 -1
2078 404 1
2396 943 1
338 49 1
38 1 -1
669 242 1
402 76 -1
585 72 1
2121 836 -1
1909 761 1
1564 3 1
1060 398 -1
2211 144 -1
2384 936 -1
1744 70 -1
2384 939 1
1853 721 1
614 2 1
1678 209 -1
2391 677 -1
1419 135 1
1732 8 -1
234 17 1
2065 9 1
2065 8 -1
2049 1 -1
2131 838 -1
747 262 -1
1270 60 -1
1192 453 -1
2033 802 -1
789 8 1
1892 9 -1
653 3 1
1002 380 1
1002 381 -1
2240 8 1
1655 394 -1
1479 3 1
2428 843 -1
2185 146 -1
818 198 -1
174 26 1
1820 395 1
1820 394 -1
2465 73 1
1731 144 -1
1465 8 1
744 95 1
452 17 1
452 15 -1
106 26 -1
942 3 1
986 92 1
437 18 -1
1418 46 1
55 29 -1
317 17 1
35 23 1
35 22 -1
362 15 -1
743 8 1
1650 394 1
2302 887 1
895 337 1
2080 8 -1
1851 731 1
895 334 -1
1838 723 -1
1926 40 1
1250 473 1
2159 117 -1
1269 421 -1
802 1 1
1655 649 1
1791 89 1
470 152 1
2190 323 -1
1464 125 -1
1791 84 -1
1762 669 -1
201 2 1
201 1 -1
992 9 1
992 8 -1
2381 3 1
1637 643 1
2371 175 -1
215 1 -1
149 34 -1
1562 618 -1
1817 708 -1
144 13 -1
2303 899 -1
823 147 -1
2060 15 1
2060 17 -1
1919 754 -1
444 8 1
1107 9 -1
1107 8 1
755 74 1
1074 80 1
2310 298 1
56 1 1
56 2 -2
546 175 -1
2018 733 1
227 2 1
336 59 1
227 8 1
750 189 1
120 46 1
1045 140 -1
2310 748 -1
2188 865 1
1126 16 1
120 48 -1
2131 131 -1
2430 15 1
1880 742 1
540 73 -1
540 74 1
574 191 -1
908 344 1
2108 832 1
278 60 -1
1825 142 -1
1687 41 -1
735 50 -1
735 52 1
2412 950 1
73 16 1
1709 667 -1
1709 669 1
73 18 1
1717 8 1
1557 620 1
486 112 -1
790 8 1
565 189 1
97 16 -1
2216 9 -1
352 114 1
269 85 -1
352 112 -1
1913 3 1
2299 908 -1
703 259 -1
891 290 -1
654 235 1
904 339 -1
2046 796 1
1707 9 -1
138 55 1
1249 465 1
738 262 -1
1967 15 1
1967 16 1
1887 105 -1
2175 172 -1
1233 450 -1
1988 787 1
301 58 1
2481 974 -1
1361 531 -1
2328 804 1
513 1 -1
490 2 -1
2002 1 1
381 8 1
1854 733 1
1771 695 1
44 13 -1
175 37 -1
1657 648 -1
868 323 -1
292 2 -1
292 1 -1
1619 15 1
2248 40 -1
955 76 -1
955 77 1
26 17 1
2022 8 1
715 3 1
2340 927 1
2340 925 -1
1365 528 -1
1178 41 1
1587 128 -1
1815 707 1
1544 613 1
1544 612 -1
1665 16 1
405 127 -1
977 9 -1
1755 1 -1
1758 687 1
1758 686 -1
2426 84 1
1108 343 1
405 128 1
1100 407 -1
483 159 1
483 155 -1
148 23 1
1285 493 -1
695 78 -1
1937 15 1
1571 197 1
1608 224 1
1148 432 1
242 1 -1
1161 23 -1
1140 158 1
242 8 1
1921 26 -1
1528 34 1
446 70 1
894 3 -1
1810 701 1
364 116 1
680 15 -1
1879 563 1
720 1 -1
720 2 1
1355 526 -1
2456 195 -1
896 16 -1
482 81 -1
2264 273 1
1726 172 -1
1616 260 1
2123 825 1
609 210 1
1127 2 1
1622 16 1
1362 532 1
939 77 1
2087 228 -1
2413 951 1
2087 224 1
1637 580 -1
2172 60 -1
2303 8 1
113 8 -1
2321 150 -1
940 54 -1
2163 2 1
1060 403 1
1596 630 -1
321 8 -1
1620 294 -1
1155 3 1
961 308 -1
2136 16 1
1112 9 1
1112 8 -1
1444 3 1
1373 55 1
984 366 1
262 9 1
661 101 1
2462 957 1
1545 3 1
1649 647 1
1135 434 -1
2488 978 1
1954 8 -1
2366 899 -1
1635 641 1
258 84 1
258 86 -1
2039 38 0
94 13 -1
1626 17 -1
2305 883 -1
1209 17 1
1108 3 1
1396 547 -1
2207 41 -1
2119 834 -1
1467 573 -1
2266 894 1
1739 228 -1
1714 131 -1
1157 441 1
40 12 -1
1318 510 1
40 11 1
2494 975 -1
1691 15 -1
479 155 -1
538 3 0
236 59 1
322 77 1
1583 618 1
1958 144 -1
789 294 1
2474 169 1
224 2 -1
789 291 -1
1672 131 -1
729 100 1
767 117 1
1049 15 -1
2358 572 -1
1418 69 -1
1832 72 -1
1905 34 -1
179 54 -1
151 18 1
1588 142 1
790 13 1
837 8 1
2273 897 -1
362 71 1
782 40 -1
1488 46 -1
1926 26 1
1527 552 1
2001 636 1
121 15 1
26 1 -1
26 2 1
1137 433 1
1176 451 1
566 189 -1
953 49 -1
773 189 1
1222 117 1
2023 798 -1
2048 809 -1
2023 794 1
794 18 1
1167 446 1
1167 444 -1
1040 393 1
626 216 1
609 209 -1
1040 396 -1
794 16 1
2138 259 1
1123 59 -1
928 9 -1
1188 8 1
1188 9 -1
2129 840 1
1262 480 1
1925 748 1
149 50 1
1617 260 -1
1588 41 1
240 1 1
1409 552 -1
871 3 -1
2399 937 1
1459 294 -1
2027 9 1
2216 870 -1
2292 883 -1
2216 873 1
712 3 -1
2301 825 -1
1290 496 -1
1189 454 1
1189 452 -1
2283 72 -1
2157 746 -1
1865 738 1
62 26 1
2086 820 1
1299 115 -1
1233 8 -1
2085 607 -1
1900 755 1
1865 736 -1
2050 328 -1
2406 937 -1
620 3 1
16 1 -1
278 41 1
16 2 1
1469 113 -1
2311 298 -1
755 276 -1
1231 15 1
1031 390 1
2441 8 1
2306 748 1
835 69 1
1041 8 1
973 368 1
973 367 -1
1677 211 -1
1863 737 1
1893 562 -1
288 43 1
1412 522 1
883 330 -1
883 331 1
1389 509 1
866 324 1
1677 9 1
1677 8 -1
1802 8 -1
897 3 1
386 49 1
1326 514 1
2417 944 -1
1326 513 -1
453 145 1
1132 172 -1
190 68 -1
916 2 1
1207 436 -1
395 109 -1
2100 828 1
44 2 -1
1547 609 -1
1547 603 1
2180 135 1
2050 810 1
917 345 -1
938 357 1
1103 59 -1
938 356 -1
917 348 1
2318 516 1
849 3 1
1892 733 -1
671 224 1
671 228 -1
102 9 1
2166 520 -1
2463 959 1
443 142 1
2362 49 -1
2192 867 1
1239 329 -1
962 55 1
216 76 -1
1080 387 -1
125 16 1
1135 10 1
2336 9 1
589 17 1
2152 748 -1
1865 43 -1
878 317 1
1895 16 1
1446 43 -1
1546 3 -1
1312 142 -1
695 8 1
2065 428 -1
2204 868 1
2175 144 1
410 34 -1
700 259 1
2076 40 1
2377 677 -1
449 144 1
850 17 1
399 55 1
1323 16 1
1042 397 1
205 15 1
1884 745 1
1921 40 -1
435 46 -1
680 247 1
1224 70 1
659 237 1
1381 8 -1
473 59 1
738 274 1
1672 128 1
1292 8 -1
2384 45 -1
1645 9 -1
1131 246 -1
1971 3 -1
784 34 -1
1607 9 -1
607 205 -1
2134 259 -1
607 208 1
586 1 -1
2134 92 1
1272 443 1
1568 8 -1
2134 3 -1
257 41 1
1448 100 1
1949 2 -1
1246 88 -1
200 22 -1
597 201 -1
610 8 1
1275 9 1
1275 8 -1
2436 955 1
1979 195 1
1979 196 -1
1200 459 1
1621 581 1
1710 656 1
1660 651 -1
624 14 1
624 17 -1
1259 16 -1
1227 11 -1
1447 172 -1
198 8 1
1504 3 1
1634 323 -1
1634 322 1
1766 394 1
1248 9 1
739 274 -1
1517 600 -1
127 3 -1
2327 40 1
1794 79 1
1025 389 -1
2111 833 -1
757 8 1
1843 18 -1
1213 450 1
1808 714 1
210 26 -1
1536 9 1
2387 940 1
627 112 -1
622 217 1
1590 84 1
818 8 -1
749 228 1
1703 169 -1
2405 944 1
2405 945 -1
1933 184 -1
1592 16 -1
205 2 1
2181 135 -1
2467 969 -1
1507 573 -1
840 293 -1
1633 639 -1
767 136 -1
576 193 1
576 192 -1
1905 16 0
2186 8 -1
790 33 -1
2386 16 1
687 249 1
994 377 1
1538 603 -1
994 373 -1
780 288 -1
1538 609 1
780 287 1
29 18 -1
1915 761 -1
1861 8 -1
1861 9 1
2059 40 -1
1030 43 -1
1737 119 1
1275 487 1
1275 486 -1
2359 8 -1
866 15 -1
440 3 1
280 35 1
862 320 -1
1020 3 1
672 172 1
2498 599 -1
1662 650 -1
1662 652 1
2415 949 1
2361 8 -1
1440 38 1
25 16 1
25 15 1
25 14 -1
101 9 -1
2040 311 -1
1683 16 1
1337 128 -1
475 8 1
1703 8 -1
2041 807 1
486 55 -1
2001 559 -1
1309 3 -1
1335 518 1
1107 411 1
1107 416 -1
1335 515 -1
1495 104 -1
521 16 1
521 15 -1
4 6 1
4 5 -1
1711 669 -1
1956 780 -1
1711 660 1
1698 8 1
1348 131 -1
1031 76 -1
1095 418 -1
1779 699 1
1331 59 1
2258 8 -1
730 259 1
1548 608 -1
1458 572 -1
253 84 1
182 25 1
2351 929 1
139 3 1
2149 113 -1
815 286 1
49 29 1
949 310 -1
316 17 -1
2017 54 1
2234 879 1
253 83 -1
664 239 -1
2112 128 1
1320 510 -1
1320 512 1
356 66 1
1386 146 -1
125 2 1
1536 605 -1
1678 657 1
2246 9 1
1077 410 1
1627 634 -1
1882 52 1
1945 760 1
1627 638 1
2032 804 1
1307 502 1
1307 501 -1
90 9 0
90 8 -1
670 240 1
2163 851 1
2163 850 -1
1370 534 1
195 9 1
2459 967 1
652 9 1
513 63 -1
2187 864 1
745 8 -1
2187 861 -1
1936 17 -1
1154 73 -1
1615 59 -1
1461 166 1
1138 158 1
244 54 -1
95 13 -1
1008 28 -1
287 43 -1
1651 153 -1
2183 862 -1
754 275 1
754 277 -1
169 1 -1
1399 105 1
410 18 1
2407 748 -1
410 17 1
503 52 -1
2411 947 -1
567 100 -1
2076 67 -1
1552 91 -1
205 71 -1
715 262 -1
2416 944 1
399 75 -1
1208 3 1
2483 967 1
1863 2 -1
1863 3 -1
1476 8 -1
2233 881 -1
99 14 1
99 17 -1
2462 963 -1
2137 16 -1
2253 40 -1
2064 782 -1
1263 473 -1
748 275 -1
2353 928 -1
1519 40 -1
969 3 -1
567 82 1
1202 460 -1
1994 791 -1
1994 792 1
1440 9 1
708 63 -1
1240 387 -1
1440 7 -1
951 3 1
315 102 -1
1285 183 1
2396 600 -1
206 15 -1
2045 808 1
2158 848 1
2392 8 1
2053 412 -1
1902 756 -1
1902 757 1
1490 587 1
1490 586 -1
1016 259 1
516 168 1
1524 535 -1
902 339 -1
1881 743 1
1220 115 1
1167 17 1
2379 112 -1
1227 31 1
341 3 1
220 3 -1
53 29 1
1144 120 1
107 15 1
1950 779 1
1950 778 -1
467 151 1
1585 197 1
2239 3 1
2327 67 -1
2305 843 -1
791 18 -1
791 13 -1
1396 509 1
2281 899 -1
2066 195 1
1233 470 1
1862 16 -1
347 70 1
295 13 -1
552 19 -1
1479 581 1
295 19 1
2312 3 1
552 12 1
1310 9 1
1906 263 -1
1526 59 -1
1912 3 1
1633 640 1
2215 1 -1
2215 2 1
2166 853 1
1912 9 -1
725 18 1
996 378 -1
1649 608 -1
36 24 1
36 23 -1
274 3 2
2111 834 1
1371 46 1
1845 17 -1
650 232 1
1961 66 1
1987 113 1
733 120 -1
2201 3 -1
1469 16 -1
1619 228 -1
487 3 1
106 41 1
286 73 -1
1188 105 -1
286 74 1
710 227 1
2367 841 1
795 13 -1
643 223 -1
643 226 1
1062 43 -1
1762 3 -1
1960 746 -1
358 34 1
1799 8 1
2077 17 -1
2383 671 -1
2227 146 1
243 51 -1
383 64 -1
280 16 -1
383 67 1
2059 67 1
716 3 -1
873 327 1
2332 922 1
1587 60 -1
741 259 1
855 315 -1
1785 1 1
2304 883 1
1785 4 -1
2457 965 -1
340 110 1
855 318 1
1944 776 -1
1944 777 1
1185 452 1
1185 453 -1
1542 611 1
1542 610 -1
1440 16 -1
1020 273 1
1105 423 1
1105 422 -1
122 50 1
93 3 -2
2068 328 -1
1043 16 1
1557 214 -1
1337 142 1
826 286 1
733 3 -1
311 101 1
713 263 -1
522 176 1
522 175 -1
1778 74 -1
1120 8 1
1120 9 -1
884 331 -1
884 330 1
752 276 1
332 45 1
2114 1 -1
1446 45 1
699 9 -1
699 8 1
28 2 -1
2269 550 1
28 1 -1
1849 34 -1
699 3 1
1047 16 1
1128 2 -1
1128 1 1
730 270 -1
2408 946 -1
273 9 1
273 8 -1
373 120 1
1481 583 1
2451 953 1
1968 783 1
1968 782 -1
1905 100 1
1113 160 -1
1924 67 -1
123 15 1
123 17 -1
2170 3 1
992 376 -1
1354 358 -1
845 314 -1
2053 3 -1
692 253 -1
692 252 1
1190 3 1
992 373 1
248 37 1
2219 636 1
2456 3 1
1331 361 1
2031 15 1
1857 135 -1
1454 59 1
1451 15 -1
237 26 -1
728 271 -1
384 16 0
1703 663 1
1474 572 1
1343 521 1
2110 195 -1
840 312 1
1530 608 1
1176 9 -1
428 3 1
1530 607 -1
852 96 1
1385 3 1
800 95 1
2015 796 1
2011 772 -1
600 196 -1
2043 46 1
166 3 1
1922 67 1
2197 311 1
1232 469 1
125 51 -1
1226 468 -1
537 183 -1
537 182 1
1064 13 1
630 15 -1
1933 228 1
1654 646 -1
1064 15 -1
1312 105 1
1638 631 -1
1130 433 1
2372 885 -1
238 82 1
238 81 -1
915 15 -1
915 17 1
1237 105 1
541 9 -1
620 208 -1
1085 3 1
1229 70 -1
1367 534 1
1367 536 -1
2081 9 1
477 67 -1
1038 394 -1
1038 395 1
1279 490 1
399 17 -1
399 14 1
241 2 -1
839 311 1
1255 474 -1
1255 475 1
1099 8 -1
1600 93 1
2253 172 -1
2424 674 -1
436 113 -1
1646 647 -1
131 2 -1
16 3 1
1516 584 1
1713 670 1
360 8 1
279 2 1
245 41 -1
1341 505 -1
1272 485 -1
346 55 1
1189 9 1
1189 8 -1
933 354 1
1226 16 1
933 353 -1
2244 41 -1
2323 622 -1
1397 60 1
484 9 1
1794 3 -1
1165 445 1
2327 8 1
2327 9 -1
958 140 1
837 117 1
101 17 1
101 18 -1
575 192 1
1954 329 1
2028 3 -1
1338 519 1
1338 518 -1
1989 774 -1
1989 772 1
1351 26 -1
725 269 1
725 268 -1
1387 522 -1
1234 9 1
1782 4 1
1782 5 -1
1590 8 -1
1570 45 1
3 4 -1
3 5 1
1621 15 -1
1825 228 1
2058 3 -1
1069 406 -1
1069 407 1
1079 33 1
266 9 -1
1570 623 -1
332 105 -1
421 46 1
1953 77 -1
10 1 -1
1953 72 -1
139 23 1
465 83 -1
2101 17 1
2336 923 -1
1401 9 1
2133 447 -1
2118 17 1
768 262 1
734 9 -1
1475 523 1
2319 898 -1
282 1 1
282 2 -1
2385 831 1
1419 67 -1
2156 832 1
1751 684 1
1911 92 1
1911 93 -1
2214 872 -1
2466 1 -1
1690 195 -1
2219 794 -1
742 2 1
2185 172 1
1668 228 -1
2300 902 -1
1815 9 -1
1815 8 1
2289 16 1
303 45 1
303 43 -1
105 2 1
2486 976 1
1644 645 -1
133 50 -1
795 31 1
673 243 1
193 67 -1
74 18 -1
989 373 -1
989 375 1
1198 34 1
619 153 1
559 84 1
1828 720 1
1524 25 -1
2047 806 -1
2047 809 1
1506 432 1
1351 8 -1
460 8 -1
2056 9 -1
829 73 1
829 74 -1
2249 889 1
1018 72 -1
2400 228 1
987 55 1
1300 498 1
741 273 -1
2400 224 -1
662 231 -1
1281 8 1
2249 887 -1
2156 17 1
2426 18 1
63 26 -1
1946 8 1
1074 3 1
519 169 -1
519 168 1
1839 722 -1
2450 674 -1
183 43 -1
1487 127 1
313 95 -1
2297 3 -1
1382 9 1
165 38 1
385 49 -1
2073 196 -1
444 26 -1
786 3 1
2418 934 1
1268 3 -1
724 266 -1
683 224 -1
2487 976 -1
2297 826 -1
163 59 -1
1534 169 -1
724 268 1
837 69 -1
71 3 1
1624 28 1
1519 8 -1
1181 90 1
1126 29 1
1658 651 1
1955 146 1
2164 852 1
613 1 -1
857 318 1
2011 797 1
2181 198 1
872 43 -1
2160 849 -1
872 45 1
2174 859 1
835 8 -1
1118 34 -1
2410 944 -1
2018 8 1
430 138 -1
430 137 1
2349 930 -1
590 9 1
1594 128 1
1733 394 1
199 8 -1
461 149 1
461 148 -1
656 8 1
656 9 -1
1505 594 1
1505 3 -1
440 13 1
440 16 -1
1518 142 -1
807 8 1
807 9 -1
135 41 1
758 9 -1
1949 128 -1
951 140 1
844 311 -1
1673 134 1
359 115 -1
1521 8 1
945 8 1
1012 140 -1
1520 9 -1
719 98 1
1603 558 -1
1218 16 1
700 93 -1
1501 586 1
911 342 -1
911 341 -1
911 345 1
1812 13 1
2400 801 -1
1449 569 1
339 109 1
339 108 -1
375 8 1
375 9 -1
1067 163 1
2478 591 -1
1300 495 -1
2276 896 -1
1312 128 1
1848 729 1
2242 882 -1
1848 726 -1
361 9 1
361 8 -1
1765 691 -1
809 139 1
2191 8 1
2035 311 1
338 3 -1
567 142 -1
1080 411 1
567 146 1
869 325 -1
869 326 1
818 303 1
215 69 -1
2132 841 -1
1043 3 -1
1094 160 1
882 308 1
882 309 -1
539 182 -1
539 180 1
708 261 1
427 135 1
2143 259 -1
1650 568 -1
1522 604 1
1178 3 1
1666 18 1
1723 70 1
1635 65 -1
1630 41 -1
2196 432 -1
1630 44 1
195 15 1
195 19 -1
454 144 -1
1427 115 1
2028 562 -1
345 9 1
624 16 -1
2055 811 -1
656 205 1
1689 648 1
2041 160 -1
968 365 -1
968 361 1
2229 878 1
5 2 1
1460 8 1
5 6 -1
5 7 1
1407 517 1
2473 1 -1
260 88 -1
260 89 1
199 22 1
30 19 -1
601 204 1
601 203 -1
1626 131 -1
1940 769 -1
2370 40 1
666 238 -1
1034 77 -1
2211 8 -1
2211 9 1
1872 8 1
1319 131 1
351 1 -1
351 2 1
827 8 1
1976 9 1
1600 8 1
1377 142 -1
1875 622 1
757 86 -1
2099 820 -1
1573 620 -1
514 3 -1
2052 782 -1
791 52 1
1358 522 -1
43 17 1
1603 633 1
124 2 1
1079 13 -1
124 1 -2
1133 158 1
1015 2 -1
1872 741 1
1872 740 -1
526 9 0
526 3 0
382 40 -1
2095 8 1
2095 9 -1
766 279 1
1891 562 1
815 301 -1
660 9 1
660 8 -1
1028 42 1
78 31 -1
2077 9 1
1383 131 1
159 60 1
2269 17 1
1973 72 1
786 290 -1
668 9 1
668 8 -1
1014 381 1
1961 8 -1
1014 384 -1
2136 3 -1
1273 3 -1
1995 791 1
1995 792 -1
1273 8 1
1533 153 -1
806 298 -1
765 18 -1
2423 748 -1
1963 104 1
1963 105 -1
1726 3 1
1124 263 -1
1042 15 1
1697 648 1
2486 957 1
2059 113 1
1292 95 -1
192 8 -2
1315 507 1
1315 504 -1
192 3 -1
1218 466 1
1492 8 1
2120 227 1
1391 546 1
1391 545 -1
1862 3 2
1305 500 -1
1305 501 1
2059 119 -1
744 72 -1
2026 800 -1
1374 539 1
1619 8 1
585 109 -1
1589 631 1
2110 8 -1
1374 537 -1
1878 1 -1
1878 2 1
316 33 1
1213 3 -1
636 1 1
1124 3 1
2227 3 -1
1250 294 -1
811 139 -1
1153 436 1
1078 387 1
956 9 1
956 8 -1
453 139 -1
2425 3 -1
148 1 1
148 2 -1
742 1 -1
1635 3 1
1983 2 1
1070 406 1
1070 407 -1
2081 817 -1
2068 816 1
1046 18 1
1947 361 1
968 3 1
2174 1 1
335 8 -1
1122 15 1
187 2 -1
187 1 1
2358 131 1
858 224 -1
2061 812 -1
507 49 -1
1111 8 1
1352 131 1
1912 361 1
1685 8 -1
1296 128 1
798 293 -1
798 295 1
335 25 1
1700 16 -1
305 3 -1
998 380 1
2146 8 -1
305 9 -1
2283 904 1
165 16 -1
84 17 1
1700 664 1
1103 422 1
684 113 1
1596 228 1
1876 638 1
903 340 -1
1607 84 -1
2 1 -1
1550 91 1
2090 819 1
1684 43 -1
1687 169 1
1109 172 -1
990 375 -1
1331 34 -1
1889 52 1
1012 385 1
723 259 -1
407 52 1
494 159 -1
2198 8 1
2198 9 -1
593 45 -1
2492 833 -1
252 77 -1
2309 914 -1
2309 915 1
1864 63 1
228 26 1
183 67 1
2097 2 1
824 305 1
141 26 1
1666 294 -1
1317 3 1
1527 89 -1
1282 383 1
853 33 -1
505 9 -1
505 8 1
2261 72 1
605 207 1
605 204 -1
342 16 1
302 79 1
2312 853 1
982 371 1
1155 420 -1
1090 417 -1
1090 416 1
2432 928 1
1765 142 1
2343 930 1
461 8 -1
2496 153 -1
2382 937 -1
1821 8 -1
19 1 0
128 3 1
359 69 1
1662 16 1
1939 9 1
868 3 -1
68 10 -1
1012 9 -1
1186 370 1
1527 432 -1
1742 679 -1
901 77 1
1203 461 1
299 97 -1
2484 607 -1
1798 9 -1
2039 9 0
530 180 -1
2382 938 1
1646 608 1
647 229 1
1238 1 -1
2024 8 -1
1295 246 1
2130 815 -1
265 91 1
2260 8 1
1645 647 1
416 52 -1
343 59 -1
967 105 -1
1786 3 -1
74 1 -1
74 2 2
557 188 1
557 183 -1
954 13 1
50 28 -1
2370 67 -1
438 139 -1
2352 203 -1
162 61 -1
1805 3 1
112 14 -1
112 17 1
52 1 -1
1888 745 -1
333 92 -1
286 3 1
2458 968 1
1476 579 1
455 9 1
1701 662 -1
1732 631 1
1913 105 1
307 99 1
1165 16 -1
415 63 -1
464 13 -1
2458 967 -1
264 1 -1
1035 392 1
264 3 1
2289 534 1
264 9 -1
2289 533 -1
2229 787 -1
1039 393 -1
29 3 -1
29 2 1
981 74 1
2366 898 1
813 299 -1
2488 977 -1
206 63 1
813 293 1
1843 9 -1
1906 759 1
1884 311 -1
1843 3 1
355 23 -1
1885 745 -1
1636 642 1
2171 9 1
459 3 -1
1152 436 -1
1302 498 -1
2329 8 -1
159 41 -1
980 110 -1
1145 8 -1
1973 16 1
421 3 1
2127 825 -1
382 64 1
2311 8 1
874 228 -1
805 74 -1
835 117 -1
1697 661 -1
1870 16 1
1307 131 1
396 39 1
621 208 1
133 13 1
965 364 1
598 202 1
1982 196 1
1282 241 -1
1766 395 -1
419 3 -1
2245 886 1
2304 23 -1
672 242 -1
1533 169 1
165 8 -1
1826 631 -1
2478 1 2
1780 699 -1
1662 9 1
1723 1 1
259 84 -1
259 88 1
568 146 -1
2292 16 -1
1441 565 1
1441 567 -1
2431 195 -1
2431 196 1
978 55 1
978 59 -1
1610 16 1
1850 722 1
1638 420 1
2131 841 1
2062 554 -1
977 59 1
2016 562 1
160 19 -1
957 140 -1
569 146 1
224 77 1
1682 196 1
1682 193 -1
734 59 -1
1425 560 1
2054 766 1
2419 952 1
701 192 1
1836 722 1
2209 870 1
2113 323 -1
953 3 -1
1973 3 -1
201 60 -1
1361 144 1
472 144 1
472 146 -1
1665 572 -1
1790 172 1
1552 16 -1
84 36 -1
2282 903 1
1252 291 -1
944 358 1
1065 97 -1
389 73 -1
389 72 1
124 51 1
762 3 -1
2042 806 -1
685 60 1
1334 517 1
1145 437 1
2265 152 1
496 167 -1
1565 3 -1
1297 2 1
1297 1 -1
629 218 -1
734 50 1
1783 3 1
1197 59 -1
1549 9 -1
266 1 1
2330 9 1
1958 3 1
1983 128 -1
690 244 -1
2330 142 1
1836 3 -1
523 41 -1
422 52 1
565 144 -1
1601 14 -1
1601 17 1
1740 3 -1
228 40 -1
1509 592 -1
1509 597 1
800 72 -1
2364 3 -1
800 70 -1
1890 747 1
2164 851 -1
1589 420 -1
667 240 1
137 18 1
1204 461 -1
2241 9 1
2094 824 1
553 63 -1
1980 783 -1
301 98 -1
2430 843 -1
2352 8 1
1980 786 1
248 59 -1
1466 9 1
1563 618 1
96 8 1
109 41 -1
2467 2 1
1096 419 1
1096 412 -1
549 150 -1
1317 60 -1
1619 636 1
1475 574 -1
292 18 1
769 283 -1
769 284 1
1477 294 1
392 19 1
1433 557 1
392 17 -1
1888 46 1
735 272 1
366 38 -1
726 270 1
696 256 1
696 252 -1
941 101 1
1322 131 -1
1811 55 -1
1614 15 1
1689 3 1
718 15 -1
718 17 1
718 16 -1
2092 825 1
1422 43 1
758 247 1
1076 409 1
2092 823 -1
2231 879 -1
782 120 -1
69 16 1
2446 9 1
631 74 1
1489 574 1
69 18 1
727 117 -1
2317 915 -1
2263 893 1
1600 634 -1
461 9 1
128 2 -1
820 139 1
128 1 -1
1061 1 1
993 9 -1
993 2 -1
625 74 1
2369 831 -1
1739 18 1
625 73 -1
1393 8 -1
1393 9 1
96 13 1
2070 16 0
1580 16 -1
422 3 -1
1039 396 1
1618 15 -1
459 9 -1
459 8 1
721 98 -1
1590 311 -1
1084 163 1
1075 3 -1
1925 554 -1
445 8 -1
1334 9 1
1334 8 -1
1488 2 -1
1826 376 1
661 237 -1
1364 533 -1
584 109 1
804 286 -1
1364 534 1
2073 9 -1
2455 953 -1
584 100 -1
231 79 1
218 17 1
218 15 -1
1021 293 1
2029 422 -1
1387 544 1
2138 92 -1
1373 8 1
246 17 1
1647 322 -1
785 9 -1
2198 69 1
1267 3 1
85 26 -1
524 173 -1
140 18 1
524 177 1
140 19 1
2286 903 -1
2098 798 -1
1411 16 -1
2092 28 1
1716 2 -1
1716 1 1
1118 429 1
1118 428 -1
1421 45 -1
2061 607 1
2256 700 -1
543 82 1
2498 980 0
