1082 11 1
1082 14 1
12259 419 1
4629 223 1
9870 9 1
10663 7 1
14471 18 1
551 11 1
16782 336 1
551 17 1
13758 459 1
13927 18 1
2448 56 1
9987 472 1
15720 305 1
801 68 1
1316 109 1
8559 876 1
1755 156 1
15571 21 1
9104 934 1
15570 2097 1
7958 75 1
9364 545 1
479 14 1
12260 420 1
13510 274 1
10970 1189 1
12464 1522 1
12600 15 1
14677 1948 1
7841 787 1
6572 15 1
2159 75 1
6508 13 1
14633 165 1
12894 263 1
993 79 1
14612 1937 1
7668 15 1
14124 9 1
9069 165 1
15466 18 1
6484 18 1
1429 122 1
5943 18 1
14882 1993 1
14651 169 1
3866 396 1
14580 1930 1
16031 2189 1
17069 93 1
2382 230 1
1504 13 1
3255 59 1
11243 6 1
11613 1341 1
16235 2238 1
7868 217 1
7031 692 1
7031 693 1
12278 1487 1
6553 16 1
5761 175 1
13163 20 1
283 13 1
10014 20 1
11211 93 1
2827 188 1
14096 799 1
11380 6 1
2277 47 1
5544 497 1
12701 1595 1
16868 2351 1
3225 329 1
13956 1825 1
14246 76 1
13398 1744 1
10129 15 1
15008 110 1
13197 1682 1
13623 305 1
5909 15 1
11255 1239 1
11670 115 1
1265 85 1
12419 1511 1
13396 409 1
10576 1126 1
15527 2076 1
11212 10 1
12742 15 1
3715 75 1
7712 75 1
2971 21 1
3677 371 1
7686 336 1
7762 370 1
3860 214 1
12721 99 1
17319 2476 1
17319 2477 1
11370 1163 1
11668 15 1
14925 1997 1
7409 15 1
16617 2316 1
9525 977 1
13314 459 1
1889 10 1
15972 2182 1
15083 119 1
4558 164 1
8892 359 1
14771 1975 1
15705 76 1
3612 123 1
8608 881 1
11025 76 1
8467 235 1
16054 2198 1
10254 16 1
5628 336 1
539 8 1
10182 15 1
7285 458 1
12500 1535 1
15712 2136 1
15866 350 1
10182 18 1
11757 120 1
7938 805 1
3528 226 1
5619 32 1
10802 76 1
16017 244 1
1499 110 1
17131 2423 1
2238 212 1
14753 1966 1
12571 6 1
8681 9 1
3499 317 1
2237 112 1
4182 336 1
15880 2126 1
5486 76 1
15070 202 1
11026 18 1
3687 370 1
9814 384 1
5656 14 1
2912 93 1
3619 367 1
7855 236 1
7802 371 1
8169 836 1
4173 66 1
12001 410 1
15739 8 1
15759 2144 1
859 12 1
14738 874 1
1898 184 1
8056 819 1
6286 617 1
2556 76 1
8930 132 1
11883 1385 1
204 12 1
9594 986 1
14744 184 1
1149 17 1
6684 651 1
2410 237 1
14670 207 1
5610 525 1
10199 1071 1
3670 370 1
12441 1517 1
10262 93 1
16163 18 1
3714 374 1
11394 1285 1
10158 212 1
11394 1287 1
11394 1286 1
4702 20 1
1093 11 1
8486 76 1
3033 300 1
16996 1351 1
17097 2319 1
15234 547 1
16229 2237 1
15610 121 1
12187 1452 1
15017 121 1
12459 1521 1
14451 1903 1
10296 6 1
15676 2125 1
13212 121 1
11671 6 1
1644 9 1
6840 676 1
16446 2270 1
13064 1666 1
2387 231 1
6087 184 1
15777 18 1
7868 794 1
288 27 1
6046 575 1
16896 1967 1
10397 1098 1
13992 1831 1
6740 13 1
12377 1503 1
7239 196 1
10566 1121 1
3652 198 1
16541 91 1
10332 1090 1
2144 12 1
7322 110 1
4231 50 1
1364 118 1
2482 12 2
8420 859 1
12788 20 1
11876 76 1
3064 91 1
1038 13 1
10833 1162 1
16449 2275 1
9260 943 1
11264 6 1
7885 18 1
1078 75 1
7739 772 1
15659 93 1
2439 16 1
12608 1567 1
10632 6 1
7484 326 1
11843 91 1
5697 112 1
1914 171 1
4273 426 1
10102 6 1
1737 92 1
10746 18 1
15396 874 1
16562 200 1
16463 91 1
11074 6 1
3155 6 1
13524 235 1
5449 506 1
13826 1801 1
15638 123 1
6164 596 1
12634 1577 1
8571 442 1
3294 6 1
932 71 1
17287 2468 1
2383 65 1
8839 901 1
15259 485 1
9830 1003 1
13974 139 1
13165 1680 1
10057 121 1
5641 532 1
3246 212 1
10145 15 1
10145 16 1
8331 818 1
11525 1306 1
5003 184 1
5391 499 1
14679 76 1
9020 923 1
4158 66 1
10201 1069 1
977 10 1
14907 76 1
6782 29 1
13593 110 1
12744 1606 1
15855 2162 1
12186 1451 1
1561 1 1
14354 1894 1
16539 384 1
9090 932 1
3316 21 1
6033 573 1
1304 14 1
2594 15 1
6803 670 1
14116 1849 1
11755 1358 1
11755 1357 1
13695 1783 1
8190 6 1
504 14 1
13136 1644 1
10316 15 1
11280 1247 1
15810 76 2
1885 76 1
11440 163 1
17137 394 1
2464 245 1
814 69 1
2429 16 1
12108 1273 1
11775 1344 1
9247 18 1
15417 2051 1
4369 430 1
13341 1734 1
14019 549 1
7397 463 1
4637 198 1
2376 166 1
12001 405 1
10815 15 1
6073 11 1
7734 770 1
1393 12 1
16119 27 1
5537 23 1
6448 23 1
2760 132 1
4600 225 1
14542 468 1
17183 2436 1
3080 136 1
16777 8 1
12718 1599 1
16537 6 1
10319 393 1
12032 221 1
114 4 1
6566 13 1
1527 20 1
14746 1963 1
11240 15 1
2664 14 1
11228 1234 1
14741 241 1
9745 966 1
5750 548 1
6188 599 1
7827 23 1
3480 357 1
3480 358 1
5730 18 1
10372 1 1
6106 562 1
6762 146 1
9939 1023 1
12185 76 1
10784 93 1
12830 1378 1
8635 459 1
900 14 1
8216 15 1
12265 1474 1
12265 1475 1
12799 1493 1
9886 1012 1
9886 1011 1
12993 1662 1
17314 469 1
3183 322 1
14423 1907 1
2364 55 1
11208 184 1
3295 115 1
3331 212 1
1334 112 1
1787 28 1
1838 6 1
5573 520 1
2334 17 1
10224 236 1
2897 93 1
11473 1297 1
11353 76 1
3268 337 1
8257 527 1
9883 21 1
3155 316 1
4674 455 1
1766 160 1
629 53 1
10180 76 1
12057 1428 1
12174 1449 1
12632 1242 1
16751 76 1
15673 2123 1
14105 325 1
11886 1386 1
8903 130 1
12201 1458 1
17175 2434 1
14344 14 1
1353 116 1
15639 313 1
9004 920 1
13346 14 1
10723 1155 1
740 63 1
1475 110 1
16853 76 1
11525 1307 1
4659 6 1
12217 1250 1
10710 1154 1
12691 500 1
619 51 1
619 50 1
15185 371 1
3821 389 1
11918 1397 1
3219 293 1
4210 422 1
1788 163 1
11865 459 1
3399 354 1
6879 125 1
11573 1325 1
16573 2266 1
16547 2299 1
1408 123 1
7604 751 1
12971 91 1
12651 1580 1
3067 9 1
2313 16 1
11136 18 1
10219 1077 1
12248 1461 1
9795 76 1
543 45 1
15480 2063 1
11709 6 1
581 47 1
15578 2098 1
4441 61 1
14927 1999 1
12156 1447 1
16566 278 1
11265 75 1
16926 2385 1
8566 320 1
14219 1872 1
7696 99 1
14715 75 1
17284 2466 1
2318 217 1
2318 216 1
15262 2038 1
11314 218 1
2339 221 1
1679 148 1
13098 10 1
10617 75 1
12482 165 1
7093 697 1
6833 515 1
15818 93 1
9355 956 1
1417 9 1
8521 274 1
883 13 1
8577 115 1
12651 274 1
2699 122 1
2082 123 1
5467 18 1
6118 75 1
5622 529 1
5229 237 1
7879 297 1
12487 75 1
16242 2240 1
9348 952 1
13982 209 1
4249 117 1
17268 2458 1
5769 6 1
5669 176 1
14770 1974 1
1330 111 1
6818 83 1
15224 15 1
11543 45 1
11398 1261 1
5095 6 1
17126 75 1
14845 13 1
10502 76 1
11507 1301 1
8128 15 1
8565 877 1
14221 165 1
7461 739 1
4432 8 1
156 17 1
6688 94 1
7626 754 1
13642 75 1
2769 10 1
207 1 1
14920 59 1
15596 2105 1
15596 2104 1
12079 75 1
11908 235 1
13039 18 1
2736 225 1
14109 931 1
8695 220 1
10286 1080 1
7844 318 1
11186 1215 1
2743 130 1
11263 21 1
16210 2210 1
2776 7 1
5574 335 1
3672 15 1
1121 17 1
1602 36 1
6902 684 1
11143 6 1
1798 166 1
10147 1055 1
5121 196 1
7869 795 1
13092 1667 1
15873 6 1
1058 13 1
13274 1708 1
10391 13 1
2873 244 1
10171 1064 1
13274 1707 1
13274 1706 1
7071 6 1
2760 119 1
12773 1611 1
1353 12 1
6713 313 1
11978 1413 1
14626 8 1
16580 2310 1
620 11 1
15545 2080 1
10358 1092 1
14604 1934 1
14604 1935 1
6452 274 1
3171 23 1
1506 13 1
11775 1365 1
17334 2484 1
942 13 1
16969 47 1
12860 110 1
10330 165 1
2160 13 1
5542 18 1
9803 1001 1
2368 229 1
10110 1044 1
15796 2149 1
11723 1353 1
1613 142 1
12968 1654 1
736 61 1
13993 14 1
10461 297 1
8100 76 1
6291 18 1
16064 348 1
13357 645 1
15712 1378 1
2076 201 1
9390 459 1
14745 1962 1
611 48 1
15874 2166 1
3231 50 1
1854 176 1
15451 596 1
11214 1226 1
17223 6 1
11837 165 1
6265 15 1
14963 1968 1
844 66 1
1984 1 1
14724 355 1
14195 75 1
12389 274 1
14070 1839 1
2893 272 1
10669 50 1
12657 21 1
1436 13 1
13743 1298 1
14843 132 1
17171 2433 1
7916 801 1
13431 1754 1
11836 1373 1
7394 725 1
3158 317 1
8783 123 1
12667 944 1
12297 1459 1
14491 196 1
15884 527 1
14930 123 1
10292 9 1
11281 1248 1
10144 6 1
3278 14 1
16450 2277 1
5642 41 1
8170 837 1
9535 979 1
13262 1698 1
11785 459 1
14270 459 1
11173 166 1
8932 914 1
16671 75 1
4027 170 1
6478 633 1
12848 109 1
17171 65 1
2573 258 1
4442 62 1
2479 10 1
15688 2123 1
5605 524 1
9899 1014 1
8153 6 1
4061 39 1
8326 71 1
1717 130 1
2556 8 1
14951 2005 1
5650 533 1
10165 1059 1
16860 2369 1
5344 6 1
2740 199 1
13536 1 1
13578 75 1
11970 1409 1
7138 212 1
6149 592 1
1751 12 1
17383 2497 1
2621 7 1
16875 2374 1
7876 166 1
11350 217 1
11686 1346 1
14111 1847 1
13324 1726 1
6835 604 1
998 80 1
5388 496 1
10882 1176 1
13793 232 1
1910 186 1
13621 165 1
7723 372 1
15845 2157 1
11772 1363 1
15220 6 1
17261 258 1
8738 15 1
13774 16 1
16083 15 1
14212 75 1
8941 190 1
8108 15 1
2475 13 1
12575 18 1
2277 6 1
1183 14 1
3319 23 1
1855 177 1
9213 910 1
13519 459 1
11377 1135 1
5554 518 1
12984 1659 1
6724 11 1
3211 16 1
7908 14 1
11558 76 1
5818 557 1
6394 622 1
13233 1688 1
14024 1835 1
13303 9 1
14024 1836 1
9707 996 1
5953 561 1
12543 1551 1
12840 1247 1
14617 1378 1
8566 878 1
11222 1230 1
16561 199 1
10148 76 1
13853 223 1
12748 1607 1
12987 72 1
3712 373 1
6395 623 1
8761 196 1
5295 175 1
7998 178 1
12275 1486 1
14390 1899 1
10469 1110 1
4438 15 1
9702 995 1
11118 157 1
2185 17 1
4608 15 1
16542 2298 1
6262 144 1
10319 1089 1
12375 1144 1
12748 225 1
10663 1142 1
17244 2453 1
2594 76 1
5712 6 1
15269 75 1
16588 2313 1
4590 8 1
14377 1898 1
2381 13 1
12614 1568 1
12105 574 1
7173 708 1
14384 221 1
12222 1263 1
11610 1340 1
12393 1506 1
8552 875 1
14950 2004 1
1361 45 1
3070 11 1
14950 2003 1
10630 121 1
16103 18 1
11883 511 1
15532 15 1
5167 235 1
1065 17 1
3272 338 1
2615 95 1
12630 1575 1
15494 11 1
5992 566 1
6645 645 1
7153 15 1
10212 75 1
5645 7 1
6207 603 1
14512 1921 1
9611 14 1
10219 15 1
15587 2102 1
2377 23 1
5265 482 1
12031 76 1
13326 870 1
7072 325 1
7992 811 1
8469 865 1
2489 55 1
16649 186 1
2935 10 1
11713 244 1
16423 2270 1
17292 2471 1
10990 1191 1
11874 1383 1
11874 1382 1
17160 241 1
11622 110 1
12646 1579 1
15361 2042 1
14095 1304 1
5586 15 1
17137 1729 1
16011 106 1
16559 2307 1
3823 391 1
10280 1081 1
6407 212 1
11364 99 1
3104 9 1
13124 1494 1
10518 850 1
12937 1645 1
1026 12 1
8598 515 1
7760 371 1
16055 6 1
7142 15 1
11029 75 1
6031 76 2
9402 184 1
14347 1892 1
6111 584 1
11988 9 1
6788 667 1
1178 46 1
7998 812 1
15553 2083 1
7717 769 1
12372 1500 1
1477 26 1
7282 75 1
16506 2287 1
7947 372 1
9475 971 1
14768 527 1
16056 225 1
2636 263 1
16963 2394 1
14164 9 1
14402 574 1
17240 2452 1
2539 7 1
8808 93 1
11404 18 1
7140 702 1
16925 2384 1
12385 1296 1
4831 468 1
9678 79 1
16801 15 1
6737 208 1
7404 146 1
12912 1638 1
9415 6 1
2079 202 1
4333 6 1
16682 549 1
2883 109 1
3582 47 1
3315 75 1
14230 76 1
6559 289 1
13935 1795 1
9858 39 1
5454 509 1
1011 81 1
13325 1029 1
7957 18 1
11856 18 1
13814 1800 1
10260 91 1
3063 305 1
15228 1604 1
7672 6 1
12579 221 1
14140 29 1
10223 109 1
10252 64 1
9665 17 1
10365 1094 1
10267 15 1
16948 1769 1
6451 574 1
17033 2402 1
16622 193 1
6496 75 1
3711 75 1
13139 99 1
10136 76 1
13908 506 1
11886 500 1
1750 10 1
12629 1574 1
16927 93 1
3513 35 1
7593 750 1
188 11 1
5653 534 1
13536 654 1
13618 75 1
1120 47 1
12408 1298 1
4637 450 1
14326 1886 1
14326 1885 1
8596 21 1
1050 86 1
1238 95 1
6886 679 1
16757 2348 1
13039 1665 1
10094 15 1
5688 535 1
12986 1661 1
16540 75 1
17276 2463 1
11452 1295 1
12270 1480 1
12977 274 1
2859 285 1
12055 1427 1
16435 2272 1
15477 2060 1
16435 2271 1
5329 487 1
17264 459 1
12672 1562 1
4696 458 1
14731 7 1
8542 6 1
6844 21 1
16099 472 1
15940 2175 1
9393 15 1
16901 2379 1
2153 210 1
16178 2222 1
12015 1419 1
8492 459 1
11286 1250 1
3296 341 1
3217 164 1
17188 2438 1
1152 94 1
11838 166 1
9867 70 1
13831 174 1
14692 1956 1
13710 1786 1
2673 268 1
8024 184 1
1365 17 1
3294 339 1
3100 18 1
16095 93 1
14679 14 1
3652 369 1
8809 166 1
157 18 1
8129 6 1
12593 217 1
9440 905 1
16820 2355 1
6763 147 1
10881 1175 1
16617 165 1
13427 326 1
3257 60 1
14634 166 1
12679 1117 1
14136 1854 1
5746 545 1
5726 75 1
6573 6 1
15465 18 1
493 13 1
3979 119 1
14009 27 1
5651 225 1
11456 198 1
1505 108 1
9861 1 1
14868 1988 1
3845 39 1
14013 29 1
3164 319 1
6431 14 1
1326 92 1
17351 2491 1
11155 1210 1
11340 1190 1
7145 705 1
1727 132 1
3189 12 1
8617 112 1
3146 309 1
707 13 1
10207 1073 1
6808 672 1
5536 20 1
5536 21 1
4740 165 1
6626 12 1
13598 305 1
14325 425 1
14498 1917 1
11480 1300 1
12269 93 1
1447 14 1
8584 54 1
12553 1554 1
15556 2085 1
10660 76 1
11815 1369 1
5670 177 1
7907 13 1
5435 505 1
13634 275 1
4563 14 1
13916 1789 1
17221 1734 1
3773 47 1
11959 76 1
6163 6 1
9727 75 1
14979 2010 1
12571 75 1
11037 404 1
1577 7 1
2734 11 1
16292 15 1
235 24 1
14160 1859 1
9326 901 1
8074 6 1
290 28 1
517 42 1
6449 629 1
13205 110 1
16275 459 1
16232 295 1
10831 214 1
9902 991 1
10850 1168 1
16393 20 1
2290 9 1
7838 46 1
13177 1494 1
8660 76 1
6319 621 1
16064 302 1
9237 6 1
10161 1056 1
3826 198 1
14091 165 1
12641 241 1
7451 736 1
6437 7 1
11185 1214 1
2284 21 1
11127 1207 1
10955 1188 1
10878 236 1
16843 2359 1
6882 678 1
96 3 1
1878 23 1
7093 175 1
12930 1634 1
11073 15 1
13923 47 1
3901 387 1
13789 59 1
2634 46 1
14359 212 1
12835 1618 1
13677 1779 1
13677 1778 1
14282 1839 1
16497 2284 1
11221 78 1
12742 1605 1
11822 1371 1
10623 15 1
13097 1493 1
10431 23 1
4646 449 1
11986 1416 1
1188 29 1
14835 1378 1
3872 398 1
12807 422 1
9857 1007 1
12534 1544 1
12299 1460 1
7979 282 1
9061 928 1
12869 232 1
3305 282 1
11403 14 1
10603 1130 1
6684 650 1
15170 1285 1
4614 121 1
11585 1330 1
8441 235 1
11904 1391 1
9582 982 1
17317 467 1
11762 1343 1
16863 2372 1
6538 96 1
17333 2483 1
17092 198 1
11712 1352 1
15267 91 1
6263 75 1
10601 1129 1
12438 1514 1
12841 1248 1
10902 1181 1
12602 1566 1
14120 195 1
1413 125 1
16398 263 1
12985 93 1
8539 17 1
7305 714 1
5733 531 1
2356 70 1
3219 327 1
13399 1745 1
13399 1746 1
16543 75 1
9701 994 1
1615 41 1
14750 1964 1
9986 1029 1
16160 141 1
14120 731 1
11542 44 1
16669 2325 1
15517 2074 1
1860 18 1
2779 20 1
11530 1310 1
14434 6 1
15663 2122 1
11961 65 1
11057 11 1
17187 7 1
14181 1862 1
7951 91 1
4554 443 1
7832 526 1
16227 2236 1
11637 1344 1
15583 2101 1
1302 107 1
11593 1335 1
10801 1158 1
3430 13 1
11227 20 1
12599 1564 1
4104 416 1
8037 202 1
16553 2304 1
9086 931 1
10110 1045 1
16411 186 1
11460 1285 1
8692 350 1
13622 166 1
16181 2223 1
4179 76 1
6466 459 1
16358 2258 1
5613 526 1
10776 139 1
16954 2387 1
9814 221 1
3838 23 1
13285 1713 1
933 14 1
16875 2375 1
6195 10 1
13129 1673 1
16235 275 1
4671 453 1
4671 454 1
9738 225 1
1195 9 1
1524 9 1
2014 193 1
12418 1296 1
2615 261 1
1612 141 1
8057 276 1
12380 915 1
8896 704 1
6577 640 1
14264 166 1
2476 248 1
6060 576 1
493 39 1
12128 1443 1
2672 18 1
8463 110 1
13692 1782 1
7928 41 1
8449 165 1
6089 18 1
12601 6 1
10158 1048 1
5379 492 1
15931 75 1
11545 212 1
3441 235 1
9697 718 1
12441 1380 1
16444 2274 1
2228 59 1
15627 2113 1
11870 15 1
2035 194 1
12494 619 1
161 10 1
14651 549 1
12205 18 1
14728 1596 1
3579 163 1
16207 169 1
4316 79 1
6429 13 1
17003 641 1
11985 390 1
10025 1035 1
8962 14 1
15884 2168 1
14846 225 1
12723 1601 1
12723 1602 1
1266 86 1
12941 1646 1
6609 6 1
11373 350 1
7829 76 1
1841 175 1
17308 2475 1
2978 296 1
11953 76 1
7469 740 1
16573 2308 1
7965 13 1
2357 61 1
15492 9 1
10248 1084 1
16192 2213 1
15938 2174 1
13114 611 1
737 62 1
13021 1642 1
9890 16 1
10164 1057 1
10164 1058 1
12518 1523 1
8335 820 1
1749 155 1
6400 20 1
11899 70 1
15600 2107 1
4162 392 1
10263 1082 1
5542 75 1
8951 325 1
11167 1212 1
1808 141 1
14246 166 1
16590 549 1
12761 1556 1
12505 1537 1
8321 23 1
1158 9 1
14094 123 1
15592 459 1
579 13 1
579 10 1
11694 1347 1
1066 87 1
15080 1970 1
6240 613 1
11392 1283 1
10585 55 1
5785 9 1
2703 272 1
14432 15 1
4242 336 1
11166 1211 1
2725 66 1
5502 14 1
1016 82 1
16152 96 1
14931 912 1
12346 1493 1
15547 121 1
14753 441 1
14490 1916 1
5690 536 1
13411 1749 1
11476 1299 1
2375 110 1
7857 75 1
12740 1530 1
1381 10 1
930 41 1
16650 275 1
14025 112 1
6150 13 1
8923 912 1
7752 774 1
7752 773 1
11774 23 1
16040 2191 1
14011 21 1
17320 2478 1
6069 75 1
1418 11 1
17382 2496 1
1810 125 1
3164 8 1
15494 2068 1
10327 6 1
2529 257 1
12627 325 1
9858 75 1
14142 287 1
10370 46 1
3466 236 1
6139 7 1
13982 1828 1
1894 183 1
664 10 1
5716 21 1
14535 1924 1
14020 1834 1
9884 23 1
2560 62 1
7403 459 1
13370 1738 1
15214 2032 1
14198 1869 1
11226 1233 1
16233 382 1
16425 382 1
16847 465 1
1312 62 1
9732 503 1
6779 665 1
2360 49 1
12989 612 1
6454 93 1
8577 47 1
13933 1820 1
8417 858 1
8396 110 1
2196 23 1
15754 2142 1
17231 2449 1
15645 2116 1
5615 91 1
9091 933 1
8203 843 1
13237 1690 1
9699 993 1
10520 18 1
14881 1992 1
7989 810 1
5267 235 1
12530 1542 1
13273 1705 1
7921 71 1
12190 6 1
14102 220 1
3227 146 1
16102 2209 1
8585 880 1
11963 1404 1
835 15 1
12154 1446 1
14190 1867 1
17090 2413 1
2153 6 1
16172 1147 1
8428 110 1
12896 1635 1
13894 305 1
16547 2300 1
9161 14 1
1424 129 1
5437 123 1
16925 184 1
15223 18 1
3886 404 1
12726 574 1
7440 732 1
12488 1494 1
11651 14 1
5564 497 1
12619 1569 1
16501 184 1
14611 1936 1
6204 602 1
8502 375 1
12343 198 1
11973 1410 1
10841 1165 1
6162 15 1
12135 1228 1
8534 871 1
5562 519 1
10133 1051 1
17059 2404 1
8450 166 1
13897 511 1
6408 220 1
3735 46 1
10761 75 1
14593 545 1
14146 14 1
8710 223 1
13708 76 1
1706 151 1
12809 783 1
17103 2416 1
12486 1528 1
15182 2023 1
13412 18 1
14876 1990 1
12950 1647 1
10456 485 1
12409 1508 1
12845 1620 1
9114 936 1
11351 1267 1
17239 166 1
11908 506 1
14836 1981 1
8473 121 1
16135 2218 1
6516 639 1
17360 2493 1
12273 1483 1
12273 1484 1
9302 18 1
15981 121 1
14661 1378 1
8238 108 1
148 10 1
13319 506 1
17197 736 1
17230 1586 1
12119 166 1
16096 2208 1
14680 1949 1
7935 295 1
8191 383 1
10665 70 1
4011 414 1
15732 2140 1
13788 302 1
16365 2261 1
9929 235 1
11606 15 1
8632 325 1
9375 958 1
11426 1292 1
16864 2373 1
11942 1398 1
12971 1656 1
1350 13 1
15462 2056 1
12786 1577 1
8312 571 1
12786 1573 1
8494 275 1
12419 121 1
1121 92 1
1893 182 1
12687 1591 1
197 1 1
15900 20 1
6101 6 1
605 14 1
13212 1685 1
2341 24 1
2332 15 1
13530 15 1
5313 173 1
5998 568 1
10948 1187 1
12024 1420 1
14749 874 1
7171 15 1
5711 15 1
11589 1333 1
17334 2402 1
13291 1718 1
13105 409 1
10037 273 1
12707 1596 1
14101 1843 1
15404 2049 1
9103 166 1
1419 127 1
13807 1799 1
6430 627 1
8062 15 1
465 12 1
11930 6 1
14110 1846 1
12037 1219 1
6500 27 1
12695 1594 1
11756 1359 1
3973 202 1
12182 1098 1
16051 6 1
16112 225 1
15838 305 1
17279 2464 1
3772 122 1
2045 196 1
12079 1431 1
10685 1144 1
5747 547 1
13228 1494 1
1296 45 1
11950 1399 1
8559 6 1
13282 11 1
13834 14 1
9953 302 1
13297 459 1
6910 318 1
12188 15 1
9014 921 1
12642 243 1
12819 792 1
15839 91 1
12188 18 1
15721 654 1
1020 10 1
11459 23 1
3203 21 1
3203 20 1
5489 515 1
12083 1433 1
10224 1079 1
14501 1919 1
9763 997 1
5722 15 1
8376 225 1
7881 797 1
10636 1139 1
794 66 1
13058 792 1
16752 2347 1
6897 80 1
17102 874 1
8256 850 1
7083 50 1
6251 15 1
5471 163 1
12210 1450 1
17273 2460 1
14827 196 1
2596 6 1
8663 15 1
2596 1 1
983 77 1
11234 1237 1
1665 146 1
11464 468 1
4615 448 1
9700 91 1
13943 679 1
3949 407 1
7489 742 1
13360 679 1
2345 10 1
1758 139 1
674 9 1
3194 313 1
12234 1464 1
1887 65 1
13331 1730 1
1639 23 1
1508 65 1
15630 289 1
15633 2114 1
2348 226 1
17089 130 1
14331 1889 1
13857 221 1
2444 241 1
12753 425 1
15700 1 1
7776 157 1
9078 526 1
2407 134 1
12408 1507 1
3036 301 1
16498 2285 1
17220 1 1
6655 21 1
10311 1086 1
5450 507 1
12665 23 1
9879 740 1
13300 300 1
771 17 1
17113 2421 1
3723 376 1
8060 820 1
10384 506 1
14539 1926 1
5605 76 1
16891 75 1
13844 1805 1
13844 1804 1
1403 110 1
3832 8 1
11960 502 1
14681 93 1
6192 600 1
95 2 1
13897 261 1
5701 75 1
6206 13 1
5485 416 1
2844 147 1
15646 2117 1
17346 2489 1
2504 107 1
7691 762 1
16949 46 1
3260 334 1
15264 2039 1
3760 11 1
14869 14 1
15451 2055 1
6066 578 1
931 70 1
6689 654 1
1022 84 1
11110 1206 1
7655 757 1
7420 570 1
6283 46 1
11375 15 1
12072 184 1
16724 2340 1
155 16 1
3930 406 1
11436 335 1
15833 225 1
6824 606 1
9068 21 1
9891 18 1
15841 2155 1
15930 2173 1
11727 1346 1
6101 76 1
14743 1961 1
16836 11 1
2979 229 1
17091 196 1
10494 108 1
3212 325 1
16995 2398 1
3772 46 1
3112 13 1
10437 15 1
6124 587 1
10883 1177 1
10840 1159 1
2027 13 1
17205 76 1
12658 91 1
2654 3 1
6144 15 1
13909 1610 1
10219 91 1
4763 93 1
3807 387 1
1585 18 1
17206 23 1
8072 823 1
8072 822 1
6184 393 1
11258 1240 1
8344 9 1
16972 640 1
11444 196 1
13247 1693 1
7361 141 1
2793 10 1
11880 28 1
7151 707 1
5791 14 1
2657 75 1
2477 249 1
11268 1241 1
2472 17 1
8622 883 1
1845 85 1
1479 45 1
13620 218 1
14761 1970 1
13908 1815 1
14183 1833 1
4535 440 1
5604 326 1
8236 847 1
13375 346 1
329 33 1
1695 17 1
1325 8 1
12264 1473 1
16872 75 1
12752 1609 1
13161 1678 1
15478 2061 1
2048 13 1
999 13 1
11972 409 1
6771 15 1
869 7 1
11401 348 1
9323 948 1
12537 1004 1
448 8 1
9100 96 1
16756 236 1
13766 76 1
13937 1821 1
14900 1991 1
16851 2363 1
9103 14 1
11968 14 1
8116 143 1
3125 16 1
10314 221 1
1653 18 1
16829 1450 1
14156 20 1
210 11 1
9425 844 1
1722 154 1
1501 14 1
10210 71 1
9433 121 1
17162 6 1
14351 198 1
12976 6 1
12656 305 1
7846 790 1
14810 425 1
12584 302 1
7623 753 1
1988 10 1
2321 8 1
4705 9 1
13197 288 1
5824 14 1
3754 378 1
12456 1520 1
10265 184 1
4387 431 1
8609 882 1
5618 18 1
6736 541 1
16834 1460 1
1433 110 1
14687 1954 1
12122 1441 1
11441 225 1
12677 1587 1
2344 223 1
2958 93 1
17238 165 1
2652 11 1
2588 22 1
7658 350 1
1759 1 1
11331 1260 1
3115 302 1
12368 1497 1
12747 223 1
8350 11 1
8774 718 1
2808 281 1
4224 424 1
15690 2127 1
12475 1525 1
16372 13 1
10967 236 1
12507 1538 1
8946 915 1
8887 909 1
9657 988 1
8799 896 1
2060 21 1
15844 2156 1
8889 911 1
12597 1562 1
10147 99 1
11801 1367 1
6342 6 1
12675 184 1
16556 2305 1
839 28 1
5644 87 1
16522 2291 1
14307 1882 1
11187 1216 1
14857 1987 1
2445 242 1
16912 425 1
12514 166 1
1469 121 1
13895 91 1
4002 405 1
16729 2342 1
2319 121 1
11733 1345 1
5123 198 1
8945 220 1
9894 9 1
6472 6 1
13941 18 1
7595 747 1
3492 214 1
2267 15 1
3088 224 1
12285 1489 1
6754 312 1
12091 1435 1
1547 20 1
11989 11 1
13827 654 1
12052 1426 1
490 16 1
7908 76 1
12473 335 1
16861 229 1
16327 1726 1
16715 2337 1
2679 14 1
17226 2447 1
175 20 1
9802 1000 1
16577 2309 1
3937 168 1
14351 1893 1
15797 2150 1
13099 12 1
843 7 1
6793 75 1
1462 14 1
5527 243 1
11962 93 1
6136 6 1
15281 1379 1
11044 20 1
10190 287 1
558 46 1
973 14 1
7275 70 1
8204 844 1
15580 6 1
14654 1944 1
13764 901 1
10516 16 1
8168 835 1
3150 313 1
3150 312 1
3150 314 1
2653 21 1
15240 6 1
2609 15 1
11094 9 1
12343 223 1
12736 1603 1
14125 11 1
3620 368 1
5811 556 1
205 23 1
8193 193 1
7174 6 1
14642 1940 1
1376 121 1
10109 75 1
6233 14 1
6233 15 1
15582 2100 1
11924 344 1
12868 1626 1
10954 75 1
10121 1050 1
16822 2356 1
15252 2037 1
3189 93 1
2363 123 1
1360 44 1
5087 236 1
13409 1748 1
6038 569 1
12982 1658 1
11108 1205 1
16507 2288 1
14879 1991 1
8891 698 1
7825 784 1
17206 2440 1
6208 604 1
15277 1377 1
9409 963 1
11128 21 1
3424 229 1
2328 220 1
6484 289 1
2324 7 1
13922 1801 1
4540 405 1
9859 274 1
8651 888 1
1039 27 1
14763 1968 1
8034 459 1
11219 1227 1
16904 2380 1
4967 473 1
3335 345 1
13281 9 1
3738 374 1
7938 27 1
5773 15 1
1593 16 1
545 6 1
4720 75 1
4405 110 1
13932 274 1
11202 1072 1
11623 121 1
10269 6 1
12230 1462 1
1603 37 1
4496 46 1
13495 1760 1
7823 27 1
17111 2419 1
9301 946 1
14688 1955 1
8042 817 1
12373 1148 1
9353 954 1
1145 16 1
8119 91 1
14898 14 1
1806 1 1
2382 13 1
12070 76 1
11632 15 1
15386 877 1
16293 6 1
1335 113 1
13259 1644 1
636 55 1
13038 274 1
11616 50 1
9669 991 1
7713 460 1
1371 14 1
6686 653 1
5413 503 1
1119 90 1
10801 110 1
10270 1085 1
10318 1088 1
10628 1137 1
16684 2327 1
11968 1407 1
7270 166 1
13901 62 1
12891 1634 1
11346 1266 1
15601 2108 1
8112 101 1
3846 393 1
9593 985 1
3317 6 1
12626 1530 1
5721 541 1
5452 508 1
15288 2041 1
10287 75 1
16121 1343 1
7949 41 1
10683 15 1
5645 212 1
13944 1823 1
10823 121 1
16971 2388 1
5770 551 1
2765 198 1
15143 2019 1
13839 1803 1
11980 1415 1
7182 75 1
14694 1378 1
2122 1 1
12385 409 1
13348 1735 1
10285 375 1
5617 143 1
10817 6 1
3140 307 1
4448 274 1
15770 2145 1
8630 166 1
15449 2054 1
11449 920 1
7131 700 1
13863 1808 1
1867 13 1
7864 71 1
2343 222 1
11013 740 1
4232 335 1
1740 109 1
13375 193 1
7297 15 1
14166 11 1
3181 321 1
7537 745 1
14600 425 1
814 8 1
1578 16 1
14905 1998 1
11172 165 1
3715 375 1
6444 21 1
6896 79 1
8014 815 1
6230 611 1
10524 93 1
3183 15 1
12472 1523 1
4623 449 1
8012 814 1
14570 1929 1
1622 70 1
12681 93 1
6480 634 1
2568 11 1
1285 14 1
1607 13 1
2647 264 1
15131 2018 1
14638 1939 1
1398 13 1
11093 1204 1
9530 18 1
3529 227 1
13333 209 1
10143 1054 1
1633 11 1
11885 18 1
11680 75 1
513 17 1
6678 6 1
17005 1910 1
16820 459 1
12962 1649 1
3037 302 1
1380 27 1
3146 23 1
2047 198 1
15567 15 1
5700 539 1
2047 197 1
14074 545 1
7950 29 1
10169 1062 1
13467 1757 1
11204 359 1
16634 1332 1
17303 2473 1
11169 459 1
17303 2474 1
7089 503 1
12159 18 1
10745 143 1
589 23 1
7335 716 1
12527 1537 1
10157 11 2
8800 897 1
15608 683 1
1915 187 1
5257 76 1
6812 82 1
14787 1978 1
8464 863 1
9619 20 1
6580 641 1
2735 223 1
10895 1179 1
15207 2029 1
7450 735 1
16709 2335 1
14263 165 1
13463 1729 1
12440 1516 1
4177 335 1
8787 895 1
16926 384 1
625 10 1
8424 93 1
8804 76 1
11337 1265 1
12511 165 1
9054 926 1
9054 925 1
3250 18 1
8576 184 1
16375 2265 1
4510 14 1
10435 75 1
2325 16 1
3851 395 1
10146 713 1
1863 11 1
12826 50 1
13594 184 1
6108 165 1
16156 1344 1
12882 1591 1
9111 9 1
16961 2392 1
13358 646 1
4218 423 1
10620 1133 1
11433 184 1
17086 2411 1
6335 16 1
2663 1 1
13382 6 1
9102 165 1
12371 1499 1
6607 15 1
12068 1430 1
10420 1104 1
16129 83 1
14753 1965 1
11708 1350 1
11708 1351 1
639 12 1
11566 1319 1
3505 362 1
16002 942 1
11125 1139 1
13791 506 1
14330 1888 1
16977 14 1
12638 1563 1
1603 17 1
11937 166 1
10438 6 1
12659 1584 1
9337 950 1
11458 27 1
5641 531 1
10768 15 1
1989 12 1
6469 15 1
8874 907 1
17355 2492 1
5672 165 1
6920 687 1
12743 335 1
2486 251 1
2486 252 1
663 8 1
17196 2439 1
14148 427 1
2207 13 1
13304 11 1
6149 6 1
15387 2044 1
6270 590 1
14837 1982 1
12644 16 1
7864 792 1
10034 1036 1
6582 642 1
16054 15 1
11364 1273 1
1476 135 1
16339 2253 1
4159 75 1
7799 779 1
14355 1895 1
15057 2015 1
6314 339 1
16549 2302 1
15480 2062 1
5276 485 1
13461 110 1
9881 125 1
11837 1374 1
5284 416 1
1827 171 1
13581 193 1
10432 1105 1
3269 163 1
1182 13 1
12490 1531 1
6755 55 1
11340 125 1
8661 889 1
15579 6 1
11119 158 1
13330 1729 1
2823 54 1
9349 93 1
15969 2180 1
13093 427 1
12970 305 1
11080 13 1
15418 1567 1
15944 6 1
9784 234 1
14892 218 1
10012 26 1
4594 13 1
1297 106 1
6228 6 1
2764 15 1
11658 46 1
10093 8 1
13766 905 1
17061 2405 1
12134 1444 1
149 12 1
8255 184 1
308 30 1
14151 1857 1
11102 14 1
14356 844 1
8391 185 1
8135 15 1
10664 1144 1
10664 1143 1
12302 1492 1
11330 1258 1
10692 76 1
16097 459 1
1159 95 1
12593 1561 1
4470 435 1
11301 371 1
15698 2130 1
16520 15 1
14105 218 1
666 32 1
2173 7 1
2907 290 1
17091 15 1
3517 364 1
2656 23 1
15286 370 1
12590 1560 1
12465 93 1
4585 447 1
13925 15 1
3210 23 1
10190 1069 1
14486 844 1
1599 1 1
1599 6 1
15643 2115 1
2733 21 1
1687 13 1
12814 71 1
10908 6 1
16157 2219 1
1485 52 1
13464 1755 1
2748 93 1
10295 15 1
5729 542 1
3750 2 1
12158 76 1
11188 1217 1
16504 2234 1
13209 1684 1
1314 14 1
13549 1766 1
4730 37 1
13967 190 1
10700 1151 1
16894 1348 1
9227 6 1
3953 404 1
14971 2008 1
3998 411 1
15812 75 1
11171 871 1
5380 493 1
7939 76 1
11614 16 1
10990 275 1
6746 660 1
11608 1339 1
16290 2231 1
3199 10 1
10899 1180 1
15488 2066 1
15488 2067 1
3165 18 2
11397 1290 1
2774 9 1
1039 7 1
2321 218 1
8739 6 1
16945 2388 1
16945 2389 1
10851 1169 1
12815 274 1
5787 554 1
672 10 1
14653 1943 1
11512 511 1
3649 110 1
11024 387 1
3755 379 1
14441 1908 1
14133 1853 1
13198 1683 1
11788 199 1
3339 233 1
13962 13 1
14811 14 1
1154 65 1
15220 76 1
16799 1403 1
5415 27 1
1922 13 1
17290 2470 1
1876 178 1
14670 1946 1
7819 79 1
2737 273 1
7411 728 1
15746 6 1
2558 61 1
10247 1083 1
5676 166 1
15928 348 1
957 13 1
12011 1417 1
12011 1418 1
4380 117 1
3708 371 1
10837 1164 1
15541 50 1
17327 2481 1
12300 123 1
6555 18 1
3126 27 1
13283 1711 1
13364 731 1
7948 18 1
1795 9 1
11233 357 1
14237 184 1
477 18 1
5609 18 1
15875 2167 1
13325 1727 1
12889 220 1
12685 1589 1
16606 275 1
16746 2344 1
7825 217 1
4439 6 1
16183 2224 1
12872 1628 1
13537 121 1
10127 15 1
9514 975 1
12704 445 1
16119 2217 1
15004 389 1
16663 2323 1
15325 874 1
13306 1723 1
14028 11 1
6360 75 1
6578 20 1
7260 388 1
7955 76 1
3173 20 1
13318 1319 1
2144 209 1
11410 15 1
13465 1742 1
13179 1493 1
12376 1502 1
6792 668 1
16383 2266 1
6692 655 1
10211 1075 1
5747 546 1
13525 1763 1
16740 2343 1
2318 110 1
15544 6 1
13820 1466 1
12813 1615 1
538 14 1
2798 66 1
6095 75 1
1172 29 1
2838 284 1
14711 1957 1
16582 2311 1
2005 76 1
14248 1322 1
16371 2264 1
6133 589 1
3267 141 1
11684 15 1
2349 227 1
6054 166 1
16091 6 1
6419 65 1
2121 207 1
11141 1209 1
4343 158 1
4221 325 1
13910 348 1
12820 15 1
4108 13 1
5638 530 1
15970 2181 1
1301 13 1
16170 14 1
12291 1490 1
8616 24 1
673 21 1
5088 476 1
12482 1517 1
5330 18 1
10192 1070 1
2966 292 1
11368 1276 1
4656 452 1
3684 372 1
16363 263 1
2671 254 1
2699 226 1
9001 919 1
6441 13 1
15555 2084 1
12857 1623 1
15890 2169 1
15714 2137 1
16201 274 1
16509 526 1
10114 1048 1
4093 7 1
13324 1072 1
12626 1571 1
11327 1257 1
2408 18 1
8205 225 1
545 7 1
5107 477 1
545 1 1
1089 9 1
8257 459 1
6058 305 1
10316 1087 1
12099 93 1
10805 1159 1
2298 107 1
7771 235 1
5487 513 1
5487 514 1
8888 123 1
15897 2145 1
11415 1291 1
10032 110 1
13551 375 1
2069 200 1
11169 1213 1
13314 1291 1
2232 10 1
13260 1696 1
6603 75 1
2373 23 1
1284 13 1
5358 75 1
8118 305 1
16224 2234 1
16224 2235 1
5381 494 1
16165 2220 1
9547 980 1
15704 425 1
7261 123 1
11388 161 1
15536 2077 1
5854 14 1
1576 8 1
2749 171 1
9226 15 1
5354 490 1
13408 1747 1
5166 472 1
13482 346 1
8110 827 1
2795 28 1
5094 15 1
16771 163 1
9834 431 1
9416 966 1
5534 65 1
3822 91 1
10575 1125 1
17222 15 1
13380 1741 1
2907 9 1
15476 2058 1
15476 2059 1
7506 20 1
17164 859 1
11429 1293 1
9794 999 1
6712 289 1
6877 6 1
15285 2040 1
14063 17 1
14498 1296 1
1876 179 1
2810 282 1
2359 78 1
2459 244 1
11713 1345 1
7347 223 1
5684 91 1
4541 441 1
16510 511 1
3142 248 1
5600 523 1
2405 236 1
5786 11 1
5272 484 1
2731 9 1
11907 75 1
7407 147 1
6129 76 1
10836 347 1
1369 13 1
120 7 1
17353 2489 1
12827 1494 1
6307 620 1
9911 1016 1
3080 306 1
1560 139 1
7287 711 1
8450 236 1
5942 76 1
16870 375 1
3806 134 1
5583 522 1
6336 220 1
5784 170 1
10107 1039 1
6847 23 1
11346 15 1
11971 1336 1
13260 21 1
15561 2091 1
15561 2090 1
13808 189 1
4450 125 1
1799 167 1
2557 29 1
3055 304 1
11225 234 1
8583 52 1
1877 21 1
16962 2393 1
12269 1478 1
6685 652 1
9955 502 1
15548 2081 1
1569 23 1
3776 110 1
1289 105 1
435 10 1
12174 405 1
14425 1378 1
8166 312 1
13936 110 1
5114 184 1
9251 942 1
14731 76 1
6797 110 1
3820 388 1
11663 221 1
12460 1493 1
496 14 1
1983 76 1
14739 1960 1
15413 1586 1
10813 18 1
9086 18 1
3849 15 1
14147 426 1
7398 442 1
1465 110 1
16749 76 1
16392 14 1
9982 236 1
15871 15 1
14763 18 1
7352 718 1
8693 890 1
6230 75 1
8000 813 1
11871 18 1
2835 283 1
16461 305 1
11023 1195 1
9943 1024 1
6365 6 1
16167 93 1
6901 683 1
14223 305 1
4142 28 1
1318 110 1
4242 425 1
1802 16 1
2133 20 1
16238 276 1
3517 119 1
9546 340 1
11035 76 1
6042 459 1
5469 236 1
9324 949 1
2939 12 1
5769 59 1
13402 574 1
8536 75 1
8250 91 1
4074 23 1
13823 121 1
2162 174 1
9133 241 1
7640 748 1
16895 18 1
16326 118 1
16117 2215 1
4810 467 1
13676 1777 1
5617 18 1
16534 15 1
16857 2368 1
16682 1403 1
12247 11 1
8329 164 1
15490 136 1
7224 233 1
363 12 1
8628 886 1
635 54 1
1403 122 1
5777 392 1
13869 23 1
12588 305 1
4257 163 1
16184 2225 1
12347 1494 1
14046 1838 1
10877 1172 1
10826 713 1
5706 458 1
10557 1118 1
11896 348 1
13973 221 1
14402 1901 1
8493 868 1
10063 1038 1
1609 12 1
6661 20 1
7365 94 1
12782 1613 1
12547 76 1
8073 15 1
14734 14 1
13376 305 1
2304 11 1
1494 9 1
10996 1184 1
9149 93 1
10008 1032 1
3809 121 1
12023 6 1
3229 18 1
12743 6 1
15772 2148 1
8638 883 1
3229 15 1
16118 2216 1
9935 1020 1
1428 121 1
13318 306 1
7136 701 1
2008 14 1
10188 1068 1
12248 1469 1
15168 209 1
15559 2089 1
3833 92 1
2684 6 1
16653 60 1
7923 65 1
9407 961 1
6487 636 1
1716 153 1
3754 9 1
13417 18 1
383 8 1
5460 510 1
8307 229 1
2152 15 1
12046 76 1
14223 1874 1
14223 1875 1
11571 1324 1
8305 296 1
8070 821 1
17186 2437 1
10331 166 1
12304 15 1
13234 1689 1
12474 1512 1
16118 275 1
13974 1795 1
5552 217 1
8002 76 1
2368 147 1
1996 14 1
3200 12 1
4491 7 1
3184 6 1
3824 196 1
10845 91 1
3511 34 1
10583 75 1
12664 553 1
17223 2445 1
12238 1466 1
17223 2446 1
1338 17 1
8952 916 1
5659 7 1
15574 23 1
1681 14 1
11835 1372 1
11163 165 1
10221 6 1
8027 526 1
2993 298 1
514 10 1
17081 2410 1
13646 1776 1
16331 18 1
14113 1848 1
6100 15 1
3583 225 1
8763 198 1
10178 1066 1
11370 1278 1
10404 1099 1
13947 1777 1
730 14 1
11887 65 1
5894 23 1
5777 60 1
14298 1881 1
4628 121 1
9654 123 1
13992 115 1
7470 741 1
13174 1493 1
1474 14 1
11334 93 1
4169 336 1
3855 27 1
10455 6 1
3834 6 1
16947 2274 1
12635 1520 1
13796 1792 1
2637 11 1
13614 18 1
16862 2371 1
15575 50 1
7117 698 1
16626 2318 1
12269 1457 1
13381 93 1
11273 15 1
13922 1 1
1487 54 1
4303 428 1
5390 498 1
11441 164 1
8668 166 1
14214 75 1
16685 2328 1
676 23 1
14653 425 1
15593 110 1
13803 1797 1
5431 75 1
8233 846 1
435 36 1
13757 16 1
12627 1572 1
15831 223 1
12934 427 1
14782 110 1
6679 648 1
7874 165 1
6188 13 1
10098 1041 1
1170 27 1
12375 1298 1
7514 744 1
8538 91 1
7334 715 1
10101 1042 1
16228 274 1
7637 350 1
5215 479 1
5710 93 1
7857 325 1
5532 75 1
13960 1296 1
17254 2455 1
12558 459 1
2178 7 1
14065 28 1
14352 459 1
13880 1098 1
6294 1 1
8027 202 1
10305 156 1
9851 76 1
9773 784 1
17202 21 1
8676 75 1
4341 157 1
12764 1610 1
542 16 1
8314 853 1
8478 236 1
10220 108 1
2001 23 1
4580 445 1
1351 14 1
15811 18 1
7738 752 1
9379 458 1
13327 1728 1
5696 87 1
12598 1563 1
2191 136 1
10472 15 1
1390 10 1
132 12 1
12200 1457 1
12438 1378 1
1120 91 1
6098 20 1
15559 218 1
1421 17 1
12499 232 1
13801 1795 1
5747 503 1
1412 124 1
12589 207 1
5540 166 1
9990 289 1
4430 433 1
13351 18 1
15967 110 1
14781 1564 1
6797 43 1
17056 2403 1
10712 6 1
2805 159 1
16214 2231 1
11306 123 1
14657 13 1
12862 50 1
12284 1001 1
1761 157 1
13158 1677 1
550 9 1
17166 2151 1
16204 2227 1
12194 76 1
7261 91 1
5207 478 1
2502 254 1
9408 962 1
16094 1380 1
6465 631 1
14756 13 1
7948 808 1
7969 14 1
4878 190 1
7685 487 1
11654 1345 1
12071 18 1
16463 2134 1
14940 2000 1
13390 1743 1
16753 235 1
13895 1811 1
17067 2151 1
17275 2462 1
3228 76 1
1133 28 1
16171 93 1
9585 983 1
9793 107 1
16929 2386 1
8420 860 1
13002 1664 1
7143 704 1
8343 229 1
17002 199 1
7698 767 1
12489 302 1
8244 62 1
14108 1845 1
869 28 1
8432 861 1
8281 18 1
10883 79 1
15975 93 1
8466 121 1
15485 2064 1
9217 76 1
17161 1734 1
6364 15 1
1809 1 1
9062 100 1
5743 9 1
6498 11 1
8093 13 1
1043 65 1
8079 825 1
11446 1294 1
2481 10 1
17134 2424 1
12033 1422 1
10179 107 1
14513 1922 1
10606 1131 1
14164 1860 1
14192 274 1
4723 20 1
9428 970 1
3762 202 1
17100 2320 1
5537 516 1
14719 167 1
11437 13 1
14291 1577 1
2348 197 1
9247 941 1
17358 1659 1
11414 6 1
539 44 1
10243 1082 1
9712 110 1
3151 315 1
2102 206 1
15869 2165 1
15187 2024 1
10201 951 1
15722 91 1
5662 23 1
4019 184 1
1880 80 1
12117 1440 1
5341 489 1
3248 332 1
293 12 1
10227 1080 1
15058 209 1
9855 1006 1
15809 2152 1
16084 6 1
11134 1208 1
16393 2268 1
6237 6 1
9272 185 1
5589 6 1
13860 1807 1
11706 15 1
12693 1592 1
7280 459 1
10257 718 1
3396 353 1
7392 724 1
15599 2106 1
10769 6 1
12975 393 1
11613 506 1
11556 1316 1
12250 1462 1
2426 240 1
11957 1400 1
11957 1401 1
11213 23 1
16210 574 1
14677 1566 1
11334 1263 1
1765 159 1
11052 1200 1
3835 21 1
16710 2336 1
929 28 1
6836 121 1
9019 922 1
8691 23 1
11448 919 1
2724 18 1
2788 7 1
16157 574 1
2129 208 1
11915 1394 1
15450 583 1
13792 112 1
13261 1697 1
13854 225 1
16611 15 1
13295 166 1
4706 11 1
3469 12 1
2339 1 1
16794 820 1
13119 1642 1
13997 87 1
472 7 1
12048 21 1
15588 121 1
2694 271 1
12868 231 1
16247 2242 1
9938 1021 1
9938 1022 1
16854 2365 1
11594 1336 1
13347 1168 1
16937 1378 1
169 7 1
3163 11 1
6130 588 1
5700 8 1
4707 459 1
15072 130 1
11178 125 1
5543 62 1
14679 1575 1
13987 1830 1
1011 14 1
204 22 1
5461 511 1
11410 76 1
8175 15 1
7425 571 1
13837 1802 1
4274 427 1
16781 2278 1
17279 76 1
16368 2263 1
10614 15 1
15904 2172 1
12814 1616 1
13896 1813 1
7870 223 1
12894 865 1
13317 166 1
6677 15 1
8532 16 1
16200 178 1
8555 6 1
1938 12 1
11177 169 1
11199 1218 1
10808 1160 1
10334 93 1
8371 75 1
3849 335 1
15692 2128 1
12815 393 1
16111 223 1
1608 10 1
7819 782 1
9648 8 1
13795 245 1
12923 1642 1
13336 1733 1
12801 1530 1
11413 15 1
17236 75 1
15629 121 1
10482 1112 1
2452 62 1
12298 1491 1
7485 327 1
13248 193 1
10927 1185 1
10936 235 1
3717 15 1
13631 1767 1
11891 276 1
13631 1768 1
13631 1769 1
15365 2045 1
12442 1518 1
12442 1519 1
12390 123 1
12741 272 1
8125 831 1
15217 196 1
15362 2041 1
4641 451 1
10521 1117 1
16635 2320 1
7962 14 1
14255 1876 1
11939 18 1
8667 165 1
15883 76 1
14898 1997 1
13095 1668 1
746 7 1
11793 117 1
5703 540 1
824 43 1
11844 1375 1
16656 302 1
14980 2013 1
14980 2012 1
14980 2011 1
11181 249 1
10017 816 1
17215 2442 1
12521 1539 1
11942 76 1
5353 75 1
2745 276 1
11654 20 1
987 7 1
653 16 1
3581 305 1
15309 451 1
3936 167 1
11518 1304 1
916 14 1
14321 1884 1
11947 165 1
9434 174 1
8836 899 1
16940 2387 1
10835 1163 1
11278 1246 1
3182 225 1
4174 60 1
3532 43 1
5639 6 1
4502 287 1
13973 46 1
13925 1816 1
13925 1817 1
1180 96 1
12652 1581 1
809 43 1
12209 1460 1
7322 15 1
6137 590 1
522 12 1
4940 471 1
8226 18 1
13373 274 1
11906 11 1
5661 21 1
9962 813 1
10129 20 1
410 9 1
7909 18 1
10495 18 1
12806 325 1
651 11 1
16477 2281 1
980 18 1
10607 6 1
13940 1822 1
11757 1360 1
10667 1145 1
6879 76 1
7403 726 1
3128 29 1
14850 1986 1
15974 1444 1
15565 2096 1
11585 193 1
6450 123 1
5384 495 1
2975 235 1
3179 289 1
3113 14 1
13261 23 1
17228 15 1
1047 85 1
4404 432 1
12759 262 1
16209 2228 1
10766 121 1
8943 76 1
7355 719 1
14485 1899 1
140 13 1
655 1 1
16573 545 1
13355 1737 1
13132 1674 1
9684 11 1
11393 1284 1
649 9 1
15539 70 1
13739 901 1
13892 184 1
5475 164 1
6650 100 1
17230 6 1
7884 76 1
14245 165 1
3822 390 1
1767 162 1
1767 161 1
9846 220 1
14314 1883 1
9733 484 1
16850 2362 1
11427 14 1
16296 2245 1
13960 389 1
10609 75 1
2961 291 1
16209 573 1
13123 405 1
11677 548 1
2470 92 1
7458 738 1
6462 630 1
7653 756 1
10147 8 1
10903 1182 1
16965 13 1
16844 2360 1
16218 2232 1
2465 93 1
2334 66 1
12554 1555 1
6624 10 1
11339 169 1
16113 193 1
9784 350 1
1785 75 1
5997 567 1
3247 331 1
11474 1298 1
16854 2343 1
6431 628 1
12414 1510 1
3523 365 1
17016 2400 1
14031 93 1
10174 134 1
13245 500 1
13533 1758 1
6824 511 1
13833 46 1
10408 1100 1
16667 75 1
15359 2044 1
16538 2296 1
16538 2297 1
11813 120 1
17010 114 1
6684 649 1
8121 830 1
3674 6 1
16319 1731 1
7433 730 1
1901 169 1
9188 99 1
2403 235 1
1173 13 1
13984 1829 1
1355 117 1
6586 643 1
16788 2352 1
6091 91 1
9368 549 1
8563 18 1
709 10 1
4877 189 1
7502 6 1
14545 1928 1
16458 2279 1
13782 13 1
11318 1256 1
14069 375 1
16114 2214 1
576 14 1
13377 76 1
12139 1445 1
2533 8 1
11789 1366 1
14686 6 1
15308 184 1
8746 123 1
17107 184 1
6053 165 1
12623 1570 1
15998 136 1
16128 82 1
11842 305 1
7279 710 1
5646 13 1
8054 818 1
13084 426 1
3134 302 1
2466 246 1
2466 247 1
6310 612 1
602 14 1
10844 305 1
7146 706 1
14473 839 1
10144 223 1
10136 123 1
14298 13 1
11313 1255 1
7980 17 1
17198 874 1
7828 785 1
13548 1765 1
6602 137 1
16060 2201 1
7155 6 1
1656 13 1
8390 182 1
11923 343 1
8465 864 1
16217 568 1
11907 1392 1
14411 1905 1
6032 571 1
6032 572 1
10180 1067 1
10409 1101 1
4534 439 1
11941 93 1
8749 893 1
12412 1509 1
9153 9 1
7894 798 1
499 13 1
2570 245 1
6312 47 1
14217 1871 1
2383 14 1
13284 1712 1
765 64 1
10881 1174 1
7335 121 1
8573 674 1
16888 2376 1
130 11 1
12344 225 1
17294 12 1
6196 12 1
10171 1063 1
8599 23 1
3322 8 1
16540 305 1
15384 2047 1
5684 13 1
12889 632 1
17347 2488 1
7950 305 1
2741 76 1
9158 938 1
12533 1543 1
17229 76 1
15178 2022 1
16970 2396 1
5989 565 1
11879 184 1
2052 93 1
2088 204 1
8541 15 1
2363 228 1
10755 110 1
14685 1953 1
14685 1952 1
8161 95 1
13753 905 1
15218 2033 1
16001 369 1
15559 2088 1
15559 2087 1
8740 892 1
16639 545 1
6213 607 1
447 10 1
8182 842 1
16553 2303 1
15660 2121 1
16789 2353 1
16233 459 1
12739 1604 1
14121 1851 1
15894 2171 1
147 8 1
665 12 1
14536 487 1
684 12 1
684 10 1
16726 2341 1
684 14 1
7347 75 1
16210 2229 1
13186 1540 1
6475 14 1
1220 14 1
623 17 1
6838 606 1
11699 29 1
15373 221 1
1430 130 1
4306 65 1
12686 1590 1
645 14 1
5649 198 1
6268 588 1
11354 18 1
16816 2354 1
13597 218 1
2174 45 1
10376 1095 1
10376 1096 1
1625 75 1
14379 60 1
3991 410 1
2239 213 1
8401 236 1
15958 2178 1
11376 1134 1
6587 18 1
1701 150 1
10570 1124 1
2044 14 1
9417 967 1
443 13 1
16244 2241 1
873 13 1
7897 178 1
13844 198 1
3873 399 1
166 12 1
350 10 1
886 11 1
166 10 1
13248 1694 1
688 13 1
688 12 1
7269 165 1
11879 1384 1
16256 2243 1
4461 21 1
5408 502 1
12865 230 1
14024 9 1
14885 13 1
3867 9 1
13881 1810 1
2346 112 1
16034 1232 1
13306 6 1
15757 2143 1
9569 981 1
11609 275 1
5314 175 1
10326 502 1
6634 644 1
11309 1254 1
11771 75 1
1304 1 1
12046 1424 1
8158 834 1
12132 6 1
14185 1865 1
9676 9 1
16821 792 1
17115 459 1
4703 381 1
12124 1442 1
1214 23 1
13407 1741 1
11271 1244 1
3987 409 1
9857 295 1
13296 1721 1
13296 1720 1
11948 166 1
5720 530 1
354 17 1
14681 1950 1
16990 2397 1
16090 15 1
6406 76 1
13703 1784 1
14589 1931 1
7786 778 1
13366 93 1
13777 511 1
14842 130 1
6569 313 1
995 12 1
129 10 1
12858 1625 1
12858 1624 1
2534 136 1
2892 288 1
4755 463 1
9377 959 1
3850 6 1
7209 143 1
12981 76 1
15356 875 1
1171 67 1
14426 93 1
8196 196 1
682 10 1
8837 894 1
6410 625 1
11166 348 1
13599 91 1
14141 1856 1
3458 123 1
6487 313 1
13476 1758 1
17219 2444 1
3212 220 1
10411 214 1
16492 2282 1
6888 680 1
7317 375 1
11563 93 1
14094 1116 1
2677 13 1
15464 274 1
10111 1046 1
9664 990 1
5333 76 1
8534 291 1
3762 380 1
4197 417 1
17244 1041 1
11336 83 1
16791 520 1
13377 91 1
16055 223 1
5416 484 1
2398 234 1
16166 2221 1
17137 75 1
10170 18 1
6880 18 1
6102 583 1
16752 18 1
2241 70 1
14849 1985 1
13088 275 1
5541 517 1
5524 8 1
7697 60 1
12011 382 1
11220 1228 1
17237 2451 1
12822 1 1
6745 659 1
9406 76 1
15620 2110 1
10597 15 1
14118 1850 1
1343 100 1
8547 6 1
13314 874 1
14021 24 1
11421 9 1
3868 11 1
10414 1103 1
10847 1167 1
4745 462 1
15589 2103 1
1637 21 1
2189 21 1
6088 76 1
15204 76 1
15209 2031 1
7901 325 1
11113 390 1
1130 27 1
1759 50 1
1803 169 1
1731 13 1
1146 1 1
1781 66 1
6203 14 1
10570 75 1
13974 121 1
11751 1356 1
2407 17 1
2407 16 1
11926 15 1
5486 234 1
2593 260 1
11172 64 1
414 1 1
8242 61 1
10637 1140 1
11636 1343 1
14401 573 1
10137 220 1
14261 1575 1
3506 363 1
9986 300 1
3316 15 1
209 9 1
10697 1150 1
1891 18 1
12751 1608 1
2371 21 1
309 31 1
13645 1775 1
6803 669 1
9276 945 1
3467 10 1
13525 655 1
13454 371 1
12558 15 1
2384 89 1
1369 120 1
8398 121 1
13867 21 1
6720 9 1
13628 123 1
12268 1477 1
14387 75 1
15868 244 1
13403 75 1
9401 6 1
13958 1826 1
7803 780 1
11332 82 1
8080 370 1
6209 606 1
6209 605 1
4921 470 1
1944 78 1
6907 685 1
12190 1454 1
4742 166 1
15763 1857 1
891 50 1
1632 9 1
14729 1958 1
16044 2193 1
16044 2192 1
15507 596 1
7898 15 1
11464 336 1
5495 13 1
12104 1438 1
9868 1008 1
1728 17 1
4454 303 1
3051 303 1
11619 18 1
7917 802 1
7917 803 1
15578 110 1
17265 1590 1
13805 1798 1
13184 1681 1
10756 75 1
7504 743 1
8090 313 1
8289 214 1
1527 11 1
942 29 1
1788 6 1
15200 2027 1
12529 1541 1
15728 225 1
16909 1512 1
15238 15 1
1931 92 1
11903 9 1
15853 75 1
3164 16 1
14191 1853 1
11586 1331 1
11586 1332 1
8375 223 1
17143 2427 1
10157 1045 1
9793 844 1
7833 18 1
2700 227 1
13381 15 1
1730 7 1
5755 549 1
1172 11 1
4531 24 1
8046 59 1
9412 15 1
863 10 1
17064 184 1
12661 1586 1
8112 828 1
13817 14 1
2958 220 1
16154 91 1
10797 75 1
13600 1760 1
9588 984 1
3168 10 1
16984 43 1
15832 2154 1
17103 2368 1
4020 295 1
15467 2057 1
8548 873 1
13001 1663 1
3145 21 1
1132 93 1
16349 2255 1
12103 1437 1
12103 1436 1
8203 13 1
8241 220 1
13292 165 1
13588 322 1
2392 232 1
12821 6 1
1815 170 1
7945 807 1
11036 1197 1
1787 15 1
17074 2407 1
12362 1495 1
8249 305 1
17364 2494 1
8105 6 1
10632 1138 1
6425 626 1
2652 2 1
5608 464 1
11387 1281 1
11387 1282 1
12584 15 1
3850 76 1
13640 1774 1
16696 2333 1
3431 14 1
13552 582 1
13437 405 1
985 78 1
2890 108 1
7820 80 1
5544 18 1
11412 13 1
11964 1406 1
11964 1405 1
7680 759 1
14222 1873 1
4449 169 1
9354 955 1
9963 1027 1
12515 29 1
14171 1861 1
14268 1877 1
2792 9 1
10618 6 1
16906 2381 1
603 13 1
3533 229 1
1352 10 1
2769 6 1
10861 1170 1
1577 44 1
1577 43 1
3015 75 1
167 19 1
12839 1619 1
2577 1 1
1074 20 1
13919 274 1
13245 901 1
10825 712 1
15659 2120 1
3583 164 1
4964 472 1
7826 21 1
8711 784 1
2161 135 1
17259 2457 1
7264 1 1
13883 6 1
12498 1534 1
16623 93 1
492 1 1
11704 136 1
9172 908 1
14672 87 1
7436 731 1
12282 1098 1
1157 13 1
2761 76 1
13286 75 1
867 12 1
1721 20 1
1992 9 1
12192 1455 1
9721 75 1
12839 123 1
8113 829 1
17165 2432 1
2255 46 1
1739 108 1
11472 169 1
1294 44 1
9896 11 1
16303 2247 1
10148 6 1
932 21 1
3415 91 1
11938 76 1
11289 1251 1
17187 258 1
2098 205 1
13546 1764 1
11213 1225 1
5326 486 1
14475 1913 1
15658 76 1
11385 1280 1
12869 1530 1
2400 122 1
16417 2269 1
6353 75 1
7416 59 1
4916 6 1
2129 7 1
11211 21 1
12047 1425 1
6632 7 1
14092 1841 1
9262 182 1
15334 1296 1
1478 121 1
12064 1429 1
11274 6 1
10158 527 1
6203 601 1
6640 24 1
14480 123 1
14465 1909 1
16856 2367 1
16856 2366 1
13900 1814 1
3108 11 1
351 12 1
13266 6 1
13434 327 1
14766 1973 1
12540 1548 1
12540 1547 1
7813 7 1
11833 11 1
875 9 1
3238 6 1
7820 783 1
13997 459 1
4697 70 1
6130 548 1
16887 581 1
5883 559 1
4241 414 1
7727 235 1
15706 2134 1
14463 1904 1
14540 1927 1
11438 14 1
6289 618 1
10885 1178 1
143 15 1
143 14 1
6409 624 1
6409 623 1
6781 16 1
1652 143 1
2216 20 1
4656 15 1
2238 99 1
9768 998 1
7292 704 1
3136 232 1
11584 1329 1
1440 133 1
290 14 1
3348 346 1
11776 454 1
7501 15 1
8573 15 1
17168 18 1
2358 77 1
10848 11 1
2620 262 1
10611 59 1
7682 335 1
4023 14 1
13511 275 1
2750 172 1
5116 93 1
3164 76 1
13614 15 1
13816 190 1
3184 10 1
2976 294 1
10710 15 1
15534 60 1
13430 654 1
15080 1429 1
6073 579 1
8860 904 1
638 10 1
1481 136 1
12030 1421 1
16717 2338 1
7699 768 1
9219 1 1
11425 11 1
13216 110 1
5142 229 1
14334 1890 1
15726 223 1
14735 1959 1
10679 1148 1
5812 13 1
15353 2038 1
16510 2289 1
9273 944 1
17159 87 1
13316 165 1
12274 1485 1
14912 1735 1
2672 267 1
10258 1080 1
7410 6 1
13325 275 1
1436 21 1
13104 1672 1
16750 2346 1
8543 136 1
13453 1719 1
14094 1842 1
1762 158 1
3262 87 1
14424 76 1
12670 945 1
5616 76 1
15229 2035 1
14188 1866 1
14500 1918 1
8519 244 1
16718 2339 1
15464 76 1
5333 488 1
9816 65 1
3754 18 1
13098 1669 1
4409 121 1
3764 382 1
10473 6 1
314 12 1
2690 28 1
1281 104 1
9770 143 1
6173 597 1
6227 15 1
10569 1123 1
11990 408 1
13256 218 1
4734 6 1
12925 1643 1
14012 23 1
911 16 1
15437 2053 1
11888 1388 1
7262 110 1
6255 89 1
15708 2135 1
6137 327 1
11802 1368 1
1717 126 1
8102 826 1
14140 13 1
15156 389 1
7854 9 1
15497 2069 1
13454 235 1
7854 6 1
7174 709 1
17077 2408 1
12503 1536 1
10203 70 1
1586 12 1
146 6 1
9853 418 1
6104 561 1
14762 1971 1
15585 6 1
12720 807 1
463 38 1
17152 2413 1
9990 223 1
16861 2370 1
3582 366 1
3375 351 1
14016 221 1
10288 14 1
15563 2095 1
2338 16 1
9066 10 1
16921 198 1
13612 143 1
7323 6 1
13320 1724 1
5183 188 1
16862 91 1
11114 391 1
2203 75 1
4471 436 1
2826 12 1
2433 12 1
7739 236 1
12013 383 1
5641 283 1
15677 75 1
15694 2108 1
2102 46 1
6302 212 1
17030 2401 1
8479 866 1
15954 2177 1
8843 902 1
12964 1650 1
12964 1651 1
12964 1652 1
1935 57 1
11636 6 1
13926 274 1
9824 392 1
6095 289 1
13241 1691 1
3000 123 1
13241 1692 1
13687 1781 1
11962 1403 1
16557 2306 1
10925 15 1
11924 336 1
6077 580 1
1084 17 1
11815 278 1
14956 2007 1
14019 1351 1
6271 145 1
15141 1072 1
7662 748 1
7441 733 1
9077 13 1
13797 1793 1
6008 6 1
7823 370 1
15208 2030 1
16489 15 1
8325 325 1
12714 1598 1
10308 23 1
10845 229 1
12876 612 1
14796 121 1
12401 1144 1
1630 50 1
14674 274 1
11648 459 1
11741 1355 1
15534 6 1
12709 1597 1
9780 839 1
2200 10 1
3329 137 1
3779 385 1
14193 1868 1
5388 497 1
5686 14 1
6035 574 1
10430 21 1
13227 121 1
519 43 1
7151 484 1
16233 41 1
14029 814 1
5393 501 1
5393 500 1
12909 1637 1
5696 24 1
845 10 1
5696 20 1
16040 136 1
8626 93 1
8876 357 1
3232 147 1
3595 218 1
11599 15 1
11352 1268 1
3146 310 1
16104 96 1
2970 184 1
4509 438 1
8578 345 1
13644 1298 1
11704 20 1
4609 14 1
712 12 1
148 7 1
889 70 1
5616 8 1
2965 17 1
13882 289 1
15421 1570 1
16361 2259 1
15845 2158 1
13264 1702 1
13264 1703 1
13264 1700 1
13264 1701 1
13374 1740 1
14979 2009 1
6804 671 1
13286 1714 1
5084 475 1
12653 1582 1
11416 6 1
9776 233 1
17135 2425 1
5618 528 1
4483 120 1
13482 236 1
15898 110 1
16696 263 1
9344 76 1
10476 163 1
2791 16 1
16808 186 1
9951 810 1
7866 793 1
2436 18 1
2954 178 1
1605 122 1
935 72 1
2716 20 1
3219 70 1
11569 221 1
13313 858 1
11944 13 1
11046 18 1
14685 13 1
14685 15 1
2908 11 1
8508 869 1
10904 1183 1
10668 1146 1
10104 184 1
9660 11 1
5703 484 1
10773 7 1
11434 459 1
3891 157 1
11365 1274 1
10149 93 1
9675 269 1
7278 71 1
13864 1809 1
5614 305 1
13884 313 1
194 10 1
12080 75 1
12080 76 1
16294 2234 1
8434 597 1
11336 1264 1
12542 1549 1
13104 1651 1
15853 2161 1
12468 1148 1
13329 39 1
13016 18 1
16089 141 1
8289 59 1
7653 348 1
10622 1134 1
1336 114 1
11494 274 1
8530 574 1
6486 10 1
14337 1891 1
564 14 1
6151 593 1
8139 6 1
2465 16 1
3152 15 1
14162 422 1
8576 46 1
10438 1106 1
17155 2429 1
16835 2358 1
11776 1106 1
15741 18 1
5593 305 1
6252 6 1
3157 147 1
14031 15 1
1672 7 1
16084 1343 1
16823 383 1
8179 841 1
1360 9 1
10565 1120 1
2236 12 1
11830 9 1
6892 681 1
6892 682 1
2180 14 1
12970 1655 1
16973 425 1
2662 16 1
15455 877 1
12762 1557 1
9989 313 1
13002 632 1
17204 1202 1
10484 1114 1
10484 1115 1
14349 196 1
13965 189 1
7351 196 1
10203 18 1
9853 434 1
12177 1450 1
560 10 1
5467 476 1
14720 168 1
13926 1818 1
7753 229 1
3143 249 1
4507 13 1
8577 76 1
9982 121 1
14704 34 1
6483 635 1
15972 454 1
11265 23 1
6828 274 1
640 13 1
15525 2075 1
7737 771 1
2976 295 1
14105 295 1
6023 6 1
575 13 1
7161 75 1
14182 1863 1
11925 274 1
17164 1029 1
15743 76 1
13798 1794 1
5581 521 1
16166 76 1
10908 1184 1
14650 1941 1
12984 1660 1
8248 849 1
1830 172 1
13843 196 1
11183 350 1
16045 2194 1
5702 503 1
1231 99 1
8634 71 1
14772 1976 1
2704 85 1
16816 76 1
11768 21 1
12185 792 1
9786 891 1
5792 209 1
3261 335 1
2346 12 1
11569 1320 1
11569 1321 1
511 41 1
13281 1710 1
979 14 1
2976 20 1
3708 8 1
12055 23 1
417 10 1
8362 20 1
14017 47 1
16351 2256 1
9407 93 1
3247 16 1
933 23 1
12852 1622 1
15628 110 1
16983 75 1
8269 851 1
8389 235 1
15689 7 1
7540 313 1
1087 15 1
13063 1450 1
7851 75 1
2052 11 1
12985 16 1
12131 15 1
7839 70 1
12543 1550 1
1142 28 1
16995 2380 1
3847 394 1
9628 6 1
17115 350 1
6041 472 1
6752 662 1
17313 281 1
8127 832 1
6135 326 1
17263 75 1
1361 11 1
12928 1644 1
5621 335 1
6191 65 1
15754 393 1
3579 174 1
12279 1488 1
14656 1945 1
17112 2420 1
10129 6 1
17258 2456 1
13882 115 1
12552 1 1
16211 305 1
8341 6 1
11539 1162 1
12332 196 1
17399 2498 1
6087 581 1
799 29 1
11357 1270 1
10842 1166 1
9886 59 1
11479 245 1
5705 99 1
691 10 1
3327 344 1
10915 236 1
2357 71 1
10145 225 1
9526 978 1
5266 483 1
17250 2454 1
10458 442 1
5007 18 1
15205 2028 1
15918 506 1
15940 15 1
7349 717 1
13461 409 1
15562 2094 1
15562 2092 1
15562 2093 1
14700 14 1
13768 1791 1
9880 169 1
4202 235 1
11211 1224 1
5541 459 1
15621 2111 1
16492 6 1
12637 9 1
7646 755 1
16806 1450 1
8529 573 1
11529 1309 1
13448 223 1
402 35 1
5320 6 1
12487 166 1
8628 165 1
15702 2132 1
14251 93 1
10181 6 1
14122 1852 1
16305 2248 1
570 12 1
7792 249 1
16450 2276 1
11329 184 1
9929 1019 1
10397 47 1
12856 1556 1
12889 1633 1
16895 2378 1
8291 63 1
5683 305 1
12082 1432 1
2742 59 1
2651 47 1
7960 13 1
11570 1323 1
12281 405 1
4912 15 1
6614 14 1
5583 164 1
16045 6 1
1608 140 1
11900 50 1
14875 1452 1
11049 1199 1
2218 15 1
10163 76 1
4636 196 1
14984 2014 1
6274 6 1
11601 1337 1
15921 6 1
14200 545 1
12375 1501 1
2786 214 1
12773 196 1
904 7 1
11202 1220 1
10662 93 1
16080 2204 1
8304 852 1
17007 113 1
7133 93 1
2153 20 1
15303 2042 1
3294 11 1
11716 117 1
16439 263 1
10362 1093 1
319 32 1
15412 1585 1
15551 2082 1
17295 76 1
6786 666 1
2246 14 1
15558 2086 1
9070 166 1
8458 76 1
11558 1317 1
12552 274 1
7784 236 1
16082 275 1
10103 7 1
600 14 1
2903 289 1
3170 62 1
8965 75 1
11142 15 1
6040 526 1
10015 1033 1
13533 166 1
6031 568 1
13996 1832 1
16010 228 1
12021 15 1
11884 76 1
15377 2046 1
2614 6 1
12574 487 1
4553 442 1
1639 14 1
9165 939 1
15192 2026 1
9957 178 1
16104 2210 1
1732 14 1
1935 10 1
2169 211 1
9415 965 1
5483 512 1
11207 1221 1
6143 591 1
2201 12 1
2504 255 1
4166 335 1
15468 1923 1
7345 350 1
12197 1456 1
2008 192 1
4009 413 1
1311 61 1
16954 2390 1
13922 46 1
10333 233 1
11357 1269 1
2762 18 1
6293 76 1
5626 65 1
2740 274 1
6588 14 1
9996 952 1
6780 527 1
3830 392 1
13288 1715 1
1503 23 1
2224 20 1
7073 696 1
10448 225 1
495 29 1
1380 14 1
15745 15 1
15733 1383 1
8161 75 1
12492 76 1
5466 143 1
9845 141 1
4102 415 1
7920 295 1
4756 442 1
11898 1390 1
14495 198 1
5431 235 1
6563 21 1
3096 75 1
14139 1855 1
10286 13 1
12632 1576 1
12098 76 1
10147 718 1
4729 9 1
16161 274 1
13322 1725 1
16507 217 1
11580 1328 1
2048 197 1
14249 1495 1
1846 86 1
4905 138 1
8167 371 1
16485 1344 1
1478 44 1
12536 1545 1
14417 1906 1
16523 6 1
13950 75 1
5257 480 1
3834 209 1
7360 721 1
7855 11 1
10569 1122 1
11578 1327 1
7353 6 1
11175 459 1
12882 1630 1
8808 165 1
13676 15 1
184 13 1
11855 76 1
12739 1557 1
12919 1640 1
1365 119 1
1111 46 1
8561 141 1
14103 41 1
15219 15 1
14117 50 1
12702 305 1
2570 75 1
976 20 1
13360 1348 1
2579 259 1
9744 964 1
10617 110 1
9798 421 1
10140 15 1
15543 15 1
12385 289 1
10490 75 1
6525 14 1
11761 50 1
8003 93 1
11366 75 1
2051 14 1
2051 16 1
12231 1463 1
7351 15 1
11224 233 1
13789 500 1
11409 300 1
4449 18 1
1437 23 1
897 13 1
7692 763 1
2440 1 1
15715 2138 1
6806 604 1
4731 13 1
13587 321 1
10371 740 1
13220 1686 1
2479 250 1
12850 1621 1
13673 87 1
6374 11 1
14759 76 1
15986 2178 1
180 14 1
4463 23 1
9160 13 1
4010 248 1
10694 18 1
7241 198 1
10846 9 1
3369 348 1
3369 349 1
4759 465 1
4759 464 1
6415 112 1
5707 76 1
8608 17 1
12638 1244 1
15503 243 1
11200 1219 1
5097 382 1
14318 839 1
14761 1029 1
11360 1271 1
7211 18 1
11645 718 1
16322 2249 1
14021 176 1
17229 2448 1
12484 1526 1
15852 2160 1
5614 223 1
16645 59 1
1886 180 1
2534 10 1
14476 93 1
16291 2244 1
16046 2195 1
3216 163 1
13836 47 1
7449 734 1
2312 47 1
17217 1427 1
17275 18 1
5723 6 1
6567 23 1
17006 1965 1
5697 537 1
4389 418 1
9496 973 1
10084 1040 1
14357 24 1
2735 134 1
656 57 1
8103 18 1
15226 6 1
16827 2357 1
4464 120 1
12697 269 1
966 75 1
412 16 1
13178 123 1
9069 23 1
17087 2412 1
412 11 1
15311 2043 1
663 58 1
14165 1833 1
2648 186 1
5914 6 1
9420 969 1
13099 1670 1
1859 141 1
10141 1053 1
8068 60 1
2767 15 1
15007 2015 1
13898 262 1
15504 459 1
13713 1787 1
7870 796 1
12489 1530 1
9327 87 1
15886 2169 1
17292 10 1
17105 16 1
16154 274 1
15079 1968 1
14965 18 1
14600 1933 1
9056 927 1
2037 195 1
2849 174 1
4007 412 1
2776 11 1
16219 2233 1
12660 1585 1
8036 119 1
11461 1296 1
1902 125 1
4583 446 1
11784 1346 1
11292 1078 1
12112 96 1
2298 46 1
4201 420 1
16211 2230 1
10932 1186 1
5733 543 1
4153 8 1
11461 466 1
4741 14 1
8720 891 1
12359 1322 1
14846 1984 1
15472 244 1
5734 544 1
17343 2487 1
1246 102 1
3798 386 1
15813 76 1
17324 2479 1
1908 185 1
9331 331 1
6100 313 1
1556 14 1
1556 13 1
12156 1433 1
6491 638 1
16318 16 1
12824 70 1
10471 1111 1
16800 214 1
14841 1983 1
3319 6 1
14599 1932 1
12270 1479 1
11554 1315 1
3883 403 1
5400 501 1
116 5 1
1452 13 1
168 12 1
7255 234 1
3852 75 1
1719 65 1
11858 1378 1
16644 2322 1
12390 18 1
14098 549 1
5750 43 1
11347 93 1
13802 1796 1
13148 1676 1
11412 306 1
675 11 1
10926 6 1
7325 75 1
3721 312 1
5624 184 1
8902 908 1
610 23 1
13757 165 1
10109 1043 1
15454 875 1
12905 1636 1
17181 2435 1
9349 953 1
2896 76 1
16169 75 1
14824 1980 1
7092 173 1
17160 2431 1
2655 8 1
14028 1837 1
12400 110 1
175 12 1
3166 27 1
3262 336 1
12436 1513 1
12436 1512 1
16074 2203 1
14161 76 1
6000 569 1
9112 11 1
6159 595 1
15929 1222 1
11387 719 1
11650 13 1
11898 41 1
12426 425 1
395 7 1
10208 1074 1
2741 275 1
9040 924 1
8446 862 1
9924 1018 1
13318 275 1
2362 7 1
2723 76 1
6022 15 1
16312 116 1
17357 76 1
1921 188 1
11987 391 1
3160 318 1
11015 193 1
9418 968 1
472 1 1
7530 174 1
6876 15 1
16831 1459 1
16848 2361 1
1191 34 1
16536 2295 1
2238 10 1
1989 191 1
15771 2146 1
15771 2147 1
14871 165 1
5606 327 1
3126 1 1
16472 2280 1
7299 6 1
16153 305 1
12195 297 1
13775 93 1
6215 608 1
10310 8 1
1898 17 1
15263 165 1
15512 59 1
3170 21 1
15946 2176 1
9100 13 1
16535 2293 1
7695 765 1
7695 766 1
2287 23 1
16347 1292 1
1131 16 1
11387 156 1
13510 1761 1
962 13 1
11028 868 1
10400 65 1
13101 1671 1
972 7 1
3056 76 1
4594 390 1
15625 2112 1
10335 234 1
15733 2141 1
11160 157 1
7300 712 1
15502 241 1
10151 60 1
4334 75 1
8625 884 1
1145 41 1
14023 177 1
2049 9 1
11383 13 1
11020 1194 1
2123 20 1
17281 393 1
9487 972 1
9378 960 1
3414 305 1
3061 119 1
1358 10 1
15903 121 1
12266 1463 1
12144 75 1
2535 12 1
7635 348 1
1381 29 1
4325 234 1
4732 15 1
16087 2206 1
16087 2207 1
267 10 1
11293 372 1
6965 690 1
2346 225 1
2346 224 1
4198 418 1
7290 698 1
452 12 1
2139 10 1
17090 132 1
2164 6 1
16319 572 1
1837 15 1
1303 14 1
9696 234 1
17117 2422 1
362 10 1
8461 93 1
9062 929 1
11408 76 1
13289 1716 1
15685 2120 1
2423 239 1
12544 1552 1
1017 83 1
7129 699 1
11582 47 1
994 10 1
5838 13 1
15863 2164 1
17144 2428 1
13428 1750 1
15649 2119 1
810 14 1
14460 76 1
11667 47 1
8537 305 1
15579 15 1
16332 2251 1
16665 2324 1
15511 2070 1
11461 335 1
1826 146 1
14831 1963 1
10052 1037 1
6854 96 1
3180 320 1
6139 18 1
2792 18 1
4509 288 1
7457 737 1
13721 1788 1
5366 491 1
6189 71 1
3372 350 1
11129 23 1
15022 1430 1
2491 253 1
10455 463 1
16362 2260 1
5707 487 1
2891 287 1
5615 527 1
8340 15 1
12553 1319 1
6754 663 1
4939 123 1
9838 964 1
2842 146 1
2661 266 1
7851 791 1
4020 13 1
15592 540 1
9110 935 1
2978 18 1
5699 538 1
12806 76 1
805 13 1
3328 7 1
4624 110 1
2767 6 1
16454 186 1
16390 2267 1
7119 27 1
4455 434 1
16645 244 1
979 76 1
2216 7 1
7374 723 1
6863 178 1
8975 917 1
6751 661 1
6102 18 1
10775 27 1
13511 1762 1
1034 8 1
12104 75 1
13411 274 1
3239 15 1
1967 17 1
12988 73 1
9170 351 1
5775 6 1
8933 305 1
10406 14 1
12839 184 1
2141 12 1
12953 459 1
16622 2317 1
2825 10 1
5345 236 1
16819 382 1
17345 2488 1
8669 459 1
10454 15 1
8645 228 1
12239 1467 1
9663 989 1
13354 1736 1
7919 804 1
5810 29 1
7744 214 1
1485 138 1
15538 2078 1
12888 1632 1
14732 18 1
14732 13 1
17350 2490 1
2438 28 1
14146 1354 1
4213 214 1
3235 15 1
17340 2486 1
14683 1951 1
14807 1330 1
7149 503 1
5709 100 1
14537 1925 1
6235 612 1
8255 369 1
17167 93 1
2558 15 1
9583 13 1
12255 120 1
3896 405 1
6080 459 1
16701 2334 1
11547 1313 1
10877 1173 1
15333 1298 1
10704 1153 1
1937 10 1
14478 76 1
8999 20 1
5416 93 1
13332 1731 1
6090 305 1
503 12 1
9365 957 1
11861 1379 1
2672 43 1
2006 13 1
494 27 1
12370 1498 1
17331 2482 1
16072 2202 1
9081 14 1
8558 15 1
6135 15 1
13163 1679 1
12392 1505 1
12392 1504 1
17109 459 1
1415 126 1
5763 550 1
1797 165 1
2692 270 1
8930 913 1
627 12 1
11604 1338 1
3765 383 1
6777 6 1
10167 1060 1
5747 11 1
10483 1113 1
11291 1253 1
16894 2377 1
2736 23 1
14201 1378 1
5109 274 1
14763 1972 1
13617 6 1
8664 6 1
2303 8 1
2303 9 1
8554 15 1
11369 1277 1
3851 336 1
11871 117 1
14761 1969 1
10724 527 1
12890 425 1
11565 1318 1
7774 777 1
7091 484 1
2791 95 1
15158 2020 1
17274 2461 1
9959 76 1
5131 7 1
11027 1196 1
14832 14 1
8061 371 1
2136 17 1
6069 9 1
7840 47 1
1262 103 1
10203 1072 1
7837 786 1
14484 1915 1
11575 1326 1
5643 284 1
16590 2314 1
12719 1600 1
8409 289 1
13334 75 1
12703 91 1
3251 333 1
13042 1644 1
8332 459 1
8218 75 1
13294 1719 1
9509 974 1
1887 181 1
16536 2294 1
3209 324 1
12815 1617 1
8934 91 1
5891 560 1
11547 14 1
11380 1279 1
9304 947 1
16457 2278 1
3367 347 1
11593 1334 1
10607 76 1
4640 71 1
9812 184 1
16133 13 1
4596 391 1
16089 1745 1
12857 274 1
14808 13 1
11363 76 1
8198 198 1
6412 75 1
11979 1414 1
12122 1432 1
9771 18 1
837 6 1
8844 903 1
16765 1403 1
2375 165 1
1148 41 1
10477 164 1
436 12 1
544 15 1
12204 76 1
12587 718 1
13916 640 1
8541 872 1
17235 2450 1
243 16 1
2247 158 1
8193 370 1
7694 764 1
15737 76 1
5781 416 1
2656 18 1
17276 1791 1
3981 408 1
1536 14 1
4606 110 1
16612 6 1
5157 20 1
12207 1459 1
13595 121 1
17272 76 1
7804 781 1
7407 96 1
8887 910 1
8838 900 1
3187 16 1
13961 1827 1
9242 143 1
1755 23 1
9819 20 1
12490 459 1
3066 13 1
10506 18 1
15231 1605 1
15746 18 1
12539 1546 1
1752 21 1
3433 20 1
3051 202 1
9842 1004 1
13375 184 1
9909 1015 1
8878 908 1
12571 1556 1
1796 11 1
13265 905 1
2795 73 1
1616 18 1
3200 89 1
10608 93 1
12111 75 1
12305 6 1
14473 1912 1
8328 163 1
9176 115 1
10196 362 1
17109 184 1
12602 1420 1
10657 1141 1
4574 444 1
7995 742 1
1431 13 1
17280 2465 1
10055 874 1
11922 335 1
15058 2014 1
2145 47 1
10333 1091 1
3154 121 1
11395 1288 1
11395 1289 1
15919 15 1
14787 13 1
1615 76 1
10271 1 1
14403 1902 1
14176 75 1
3178 12 1
16131 655 1
7356 720 1
16518 2290 1
13311 184 1
14002 1833 1
1835 66 1
5334 422 1
3166 61 1
4756 20 1
11284 1249 1
9815 1002 1
14496 115 1
11440 223 1
12780 14 1
4529 409 1
13988 1825 1
2996 299 1
14405 1903 1
9348 76 1
6035 159 1
1205 14 1
14890 1994 1
16947 1729 1
679 59 1
6769 664 1
11457 21 1
9396 110 1
16707 2278 1
13462 405 1
1192 35 1
14185 305 1
11917 669 1
15742 1170 1
14754 1967 1
5324 346 1
8347 855 1
2763 278 1
3379 352 1
1094 88 1
4631 76 1
15854 18 1
7773 742 1
11196 11 1
3463 7 1
10703 1152 1
2061 23 1
11602 6 1
14896 1995 1
3340 234 1
14758 14 1
12523 1540 1
2328 219 1
2657 21 1
1077 9 1
15933 325 1
12744 336 1
11497 1 1
1926 172 1
16436 2273 1
13429 1751 1
13429 1752 1
5500 375 1
7357 198 1
14183 1864 1
5261 481 1
14947 2002 1
17161 15 1
12920 1641 1
10125 218 1
16909 2382 1
14231 1001 1
10232 1081 1
2790 279 1
1162 11 1
3302 15 1
9189 60 1
1839 173 1
1839 174 1
11566 6 2
11362 1272 1
13829 15 1
3679 121 1
2976 254 1
10155 9 1
7690 761 1
7690 760 1
11958 184 1
12958 1648 1
17030 223 1
10674 1147 1
1179 47 1
15191 2025 1
12488 1529 1
14210 76 1
11887 1387 1
4996 474 1
681 13 1
17092 2414 1
15085 2017 1
14474 459 1
10989 1190 1
16189 2226 1
13364 178 1
12495 18 1
8331 236 1
15722 2139 1
2682 269 1
16090 275 1
1592 15 1
6482 286 1
6466 632 1
10379 1097 1
7418 60 1
8626 885 1
9246 940 1
11367 163 1
5171 236 1
11221 1229 1
1827 147 1
1905 12 1
12559 6 1
2291 11 1
17276 75 1
4381 372 1
10815 1161 1
9954 1026 1
3198 269 1
7805 732 1
2220 6 1
12389 405 1
1861 9 1
11331 1259 1
12492 1532 1
4557 163 1
2359 9 1
16854 2275 1
418 12 1
1387 17 1
13882 18 1
9670 992 1
1500 121 1
1300 27 1
13230 1642 1
987 12 1
6165 14 1
9852 1005 1
4685 456 1
7734 370 1
11045 274 1
13235 214 1
12160 1448 1
2108 75 1
992 13 1
15675 2124 1
6338 20 1
2764 196 1
2957 16 2
7262 487 1
5603 459 1
11092 1203 1
8238 20 1
16050 2197 1
2848 22 1
11372 14 1
13531 1440 1
16044 15 1
7130 93 1
16140 75 1
7754 775 1
5103 214 1
10112 1047 1
5550 143 1
11817 1370 1
9060 99 1
15894 75 1
7588 749 1
15414 2050 1
16210 125 1
521 10 1
11595 474 1
8224 16 1
1252 61 1
5523 241 1
163 10 1
5650 439 1
16670 2326 1
1331 59 1
1316 88 1
4170 59 1
15594 274 1
9067 12 1
1954 190 1
1394 89 1
10313 6 1
11916 1396 1
11916 1395 1
12480 76 1
10645 8 1
14199 1870 1
2215 52 1
15345 1029 1
4780 32 1
14103 1844 1
8310 570 1
3285 20 1
5177 225 1
6958 688 1
14291 1878 1
7142 703 1
14368 1896 1
9085 930 1
11371 348 1
125 9 1
855 12 1
11961 1402 1
3268 18 1
15516 2073 1
11531 1311 1
2722 11 1
1610 13 1
14507 75 1
1328 20 1
8143 15 1
14742 243 1
6029 570 1
16674 75 1
9255 459 1
7415 729 1
13450 225 1
931 27 1
11789 200 1
8593 513 1
1454 121 1
16481 1343 1
2705 86 1
11528 1308 1
17156 2430 1
16584 2312 1
10118 1049 1
3205 323 1
2178 14 1
7780 755 1
1936 12 1
15161 2021 1
12090 1434 1
12880 1629 1
12869 1627 1
6678 647 1
12243 1468 1
16355 2257 1
17063 2406 1
12485 1527 1
11886 76 1
4731 461 1
11917 236 1
7855 164 1
5632 15 1
16006 202 1
3234 6 1
697 12 1
13535 580 1
12038 1220 1
14040 1113 1
13874 75 1
11039 1198 1
5779 552 1
5608 212 1
17101 2415 1
3224 328 1
17336 2485 1
9888 1013 1
5110 459 1
13383 1742 1
10216 305 1
13275 1709 1
5786 553 1
11254 1238 1
11210 1222 1
11210 1223 1
11223 1231 1
11223 1232 1
16376 186 1
14329 1887 1
14480 1914 1
9127 937 1
1224 52 1
2173 44 1
11898 20 1
14633 1938 1
16324 2250 1
4719 460 1
2980 297 1
918 14 1
918 13 1
5977 563 1
12568 15 1
12550 1553 1
2143 10 1
3881 401 1
206 16 1
14954 2006 1
14620 369 1
13856 218 1
15228 2034 1
12727 459 1
13465 1756 1
12049 409 1
1412 14 1
14452 1298 1
3753 376 1
3753 377 1
16370 7 1
2379 110 1
15426 2052 1
14526 1923 1
10875 1171 1
7057 694 1
14224 91 1
5893 21 1
1039 75 1
10608 1132 1
2354 123 1
6633 16 1
11330 527 1
11196 548 1
11641 7 1
3271 164 1
6648 646 1
11508 1302 1
2812 52 1
13527 236 1
10452 1109 1
1698 149 1
11343 13 1
552 17 1
11370 164 1
751 28 1
3148 311 1
10452 146 1
15580 2099 1
2471 14 1
3284 7 1
5291 173 1
13372 1739 1
17325 2480 1
673 12 1
13128 1651 1
16818 18 1
7089 14 1
8952 221 1
12251 1471 1
7833 459 1
8104 15 1
8104 14 1
12646 93 1
10183 6 1
5721 23 1
10667 1112 1
7724 37 1
2094 75 1
15513 2072 1
12628 1573 1
1436 132 1
16835 9 1
13732 1789 1
11545 1312 1
16618 166 1
1657 144 1
3244 330 1
7845 788 1
7679 215 1
10223 1078 1
8521 870 1
16366 2262 1
13339 977 1
8713 225 1
7747 212 1
8065 6 1
16050 15 1
7306 527 1
3413 355 1
6495 14 1
7412 392 1
6290 619 1
6489 637 1
15016 2016 1
11974 1411 1
11974 1412 1
14214 184 1
12246 9 1
14425 52 1
12803 1298 1
16781 2349 1
12457 76 1
4567 62 1
9856 41 1
582 12 1
13896 1812 1
10489 1116 1
8978 918 1
6152 594 1
647 56 1
16628 2319 1
912 1 1
17097 6 1
7539 746 1
1455 13 1
2794 12 1
12777 1612 1
2083 203 1
3271 16 1
7032 459 1
13976 18 1
10908 235 1
4331 120 1
3753 141 1
1348 115 1
14480 18 1
11146 1140 1
10565 13 1
9698 527 1
10166 143 1
9105 20 1
16056 2200 1
17300 2472 1
3876 400 1
710 60 1
6111 166 1
13646 1296 1
6497 9 1
17223 2434 1
4636 70 1
14739 1029 1
10748 8 1
15448 1304 1
7303 713 1
5318 15 1
13264 15 1
16165 76 1
13679 1780 1
10203 184 1
14873 166 1
12884 1631 1
1103 17 1
11568 46 1
6960 689 1
16595 193 1
237 25 1
237 20 1
1748 28 1
3326 343 1
4109 14 1
16107 2212 1
5343 15 1
557 13 1
298 10 1
1399 8 1
16979 1378 1
8074 824 1
10896 15 1
2979 41 1
936 73 1
1186 27 1
17106 2417 1
9147 76 1
10423 229 1
17290 2469 1
17272 2459 1
15651 723 1
12574 1558 1
601 13 1
8086 9 1
11936 165 1
12574 1557 1
11919 672 1
13874 15 1
4184 18 1
12992 165 1
8333 214 1
11943 93 1
3218 71 1
15683 2126 1
13832 13 1
1423 128 1
598 9 1
15776 1938 1
17151 1517 1
6853 677 1
4332 15 1
3027 7 1
13862 655 1
4702 380 1
15701 2131 1
3867 397 1
14909 75 1
16820 1698 1
473 16 1
16298 2246 1
1452 134 1
450 13 1
9523 976 1
3478 316 1
11036 65 1
15974 2183 1
10413 1102 1
8109 6 1
260 26 1
13399 1385 1
10585 1128 1
12679 1588 1
3763 381 1
3275 13 1
3158 9 1
7362 18 1
625 17 1
2719 9 1
3378 7 1
1337 99 1
3045 232 1
10151 9 1
7677 758 1
2567 9 1
10151 7 1
13719 115 1
13465 1734 1
12260 1472 1
502 40 1
4338 75 1
3892 158 1
1876 79 1
7899 6 1
5810 555 1
7915 800 1
13997 545 1
1227 54 1
6059 91 1
587 21 1
10370 115 1
10168 1061 1
11601 15 1
616 49 1
194 16 1
6100 582 1
1993 13 1
14019 76 1
15584 15 1
9737 223 1
7871 225 1
12267 1476 1
9236 15 1
13758 166 1
13933 342 1
10340 123 1
16361 1731 1
13334 13 1
1958 14 1
11232 274 1
3049 281 1
3142 13 1
16852 2364 1
13194 287 1
2760 60 1
4468 248 1
13993 389 1
8247 848 1
16918 196 1
11290 1252 1
12034 1423 1
12911 1628 1
13876 316 1
14295 1879 1
6866 506 1
1060 14 1
8347 25 1
13270 1704 1
10806 76 1
8041 816 1
8207 845 1
14792 1925 1
5484 233 1
8528 1 1
15030 2014 1
16431 383 1
1737 14 1
15647 2118 1
5706 15 1
15960 1247 1
10139 1052 1
14651 1942 1
6561 13 1
3952 372 1
460 7 1
15241 2036 1
13830 6 1
16902 1517 1
3137 208 1
5349 11 1
11056 9 1
13230 1687 1
8263 228 1
11506 459 1
12491 506 1
15862 2163 1
10478 7 1
10560 1119 1
16630 23 1
15850 2159 1
11015 1193 1
9186 384 1
2718 135 1
17142 2426 1
6370 9 1
11613 6 1
10217 1076 1
2973 293 1
11341 76 1
17111 2418 1
11438 336 1
6114 585 1
6114 586 1
7704 6 1
17317 272 1
16529 2292 1
1109 89 1
12975 1657 1
3500 361 1
13146 1675 1
16782 2350 1
1088 6 1
2245 50 1
3218 326 1
2307 75 1
9850 966 1
2135 7 1
6242 614 1
13401 573 1
2795 11 1
11275 1245 1
11261 15 1
8488 718 1
3734 6 1
486 13 1
7852 15 1
15990 2187 1
7057 226 1
14145 1353 1
1314 103 1
10144 712 1
1314 108 1
7370 722 1
9960 93 1
16165 18 1
5648 196 1
11220 346 1
6341 15 1
11892 1389 1
887 41 1
1505 7 1
293 29 1
11479 125 1
7060 218 1
9886 874 1
13290 1717 1
12817 1296 1
16212 91 1
8959 13 1
6224 609 1
12590 91 1
4688 457 1
14158 288 1
11759 1361 1
2972 23 1
12115 15 1
3143 9 1
15889 2170 1
14785 1977 1
8546 15 1
6506 29 1
11349 6 1
191 14 1
14469 1911 1
16105 2211 1
13845 1806 1
11332 1261 1
5415 76 1
8865 906 1
244 14 1
11766 1362 1
16596 2315 1
8863 905 1
8204 14 1
16792 818 1
10453 147 1
9627 15 1
6565 14 1
13704 1785 1
6061 577 1
12189 1453 1
12967 1653 1
13015 76 1
14540 466 1
16642 2321 1
3240 6 1
399 34 1
10216 346 1
8307 21 1
4896 469 1
12665 1556 1
5727 141 1
5983 564 1
13928 6 1
16783 2351 1
9658 9 1
6819 673 1
15389 2048 1
14898 1996 1
7294 127 1
10130 6 1
7069 15 1
5397 493 1
12389 1500 1
12776 198 1
12272 1482 1
11366 1275 1
15968 2179 1
11774 1364 1
5707 6 1
16599 9 1
16048 2196 1
2633 9 1
14041 1115 1
199 21 1
15973 1477 1
751 17 1
17286 2467 1
683 12 1
683 10 1
4209 421 1
14406 1904 1
1660 145 1
4260 164 1
14436 45 1
12785 1614 1
14027 485 1
11724 1354 1
11615 1342 1
14834 1974 1
12977 75 1
2969 125 1
4469 249 1
14631 1584 1
2658 23 1
124 8 1
10177 15 1
9833 1000 1
8189 382 1
15703 2133 1
13263 1699 1
15218 198 1
8088 11 1
4490 437 1
1005 14 1
14509 1920 1
7861 193 1
17161 243 1
15776 1380 1
4594 223 1
11858 1359 1
11409 18 1
8315 854 1
15039 225 1
6225 610 1
15985 2186 1
11685 6 1
2077 8 1
1794 11 1
10259 305 1
4730 11 1
2327 28 1
16273 184 1
11378 11 1
2309 214 1
7058 695 1
9869 1009 1
11522 1305 1
6404 622 1
17368 2495 1
10310 161 1
3295 340 1
5036 454 1
16017 2188 1
616 9 1
2409 16 1
6877 169 1
16155 18 1
9987 306 1
12644 1578 1
13257 1695 1
3147 112 1
14393 1900 1
12439 1515 1
12236 1465 1
12778 13 1
14084 1840 1
4350 429 1
9351 312 1
12666 554 1
13933 93 1
15695 2129 1
16055 2199 1
11805 274 1
9439 955 1
14186 459 1
2414 238 1
15381 2038 1
5433 504 1
2882 286 1
6494 612 1
4544 13 1
11951 500 1
1279 13 1
11851 1376 1
6317 395 1
15810 2153 1
15978 2184 1
2878 46 1
15436 1155 1
15798 371 1
15601 75 1
8177 840 1
6725 604 1
3984 202 1
12600 1565 1
14790 14 1
9407 952 1
8204 223 1
9613 987 1
8625 274 1
12366 1496 1
13487 1759 1
3179 223 1
8350 856 1
12482 1319 1
15513 2071 1
16082 2205 1
3099 76 1
17079 2409 1
8579 879 1
8551 874 1
16156 573 1
16502 2286 1
10656 75 1
13153 100 1
187 9 1
6005 15 1
14710 35 1
16033 2190 1
16027 2008 1
12474 1524 1
5420 349 1
6316 76 1
3141 308 1
11071 1202 1
16968 2395 1
3291 15 1
12583 1559 1
12858 1319 1
10212 121 1
11752 325 1
9641 6 1
9944 1025 1
9871 11 1
11509 1303 1
2410 1 1
1483 137 1
11101 11 1
13633 1773 1
13633 1772 1
13633 1771 1
13633 1770 1
12646 459 1
14652 125 1
14152 1858 1
2163 15 1
2 1 1
10623 1135 1
8028 20 1
6276 616 1
487 13 1
10172 1065 1
5604 166 1
15984 2185 1
3078 14 1
440 37 1
12520 511 1
3052 220 1
6915 686 1
3969 387 1
8827 898 1
16548 2301 1
798 67 1
4004 20 1
7844 50 1
8914 910 1
13465 1296 1
16692 2332 1
11333 1262 1
16692 2331 1
3778 193 1
9997 1031 1
1557 14 1
13349 76 1
15657 1831 1
13929 1819 1
1554 9 1
12181 115 1
1802 168 1
1217 43 1
13305 1722 1
13302 15 1
10450 1108 1
8217 6 1
3472 356 1
13335 1732 1
12250 1470 1
15607 1625 1
15793 1942 1
2644 13 1
9920 112 1
2644 17 1
7017 691 1
4199 419 1
6589 75 1
1384 12 1
519 12 1
11806 18 2
3490 359 1
9185 178 1
8775 894 1
9633 15 1
14942 2001 1
12143 792 1
17258 115 1
1291 13 1
14035 6 1
937 74 1
12931 426 1
17005 200 1
11194 9 1
9216 75 1
2656 265 1
1214 97 1
496 28 1
16912 76 1
11592 115 1
12639 11 1
2333 6 1
17212 2441 1
8480 867 1
10626 11 1
13620 1729 1
5768 15 1
7410 727 1
11550 1314 1
11945 1391 1
625 52 1
2748 277 1
9995 1030 1
3313 342 1
10881 481 1
16495 2283 1
13349 370 1
9912 1017 1
4630 225 1
3495 360 1
16958 1772 1
7605 752 1
12694 1593 1
1366 13 1
12974 15 1
3144 14 1
8506 7 1
7939 806 1
3758 47 1
9849 138 1
13928 641 1
16120 29 1
14176 1853 1
10886 93 1
3860 393 1
3580 46 1
9992 225 1
6259 615 1
14725 29 1
14675 1947 1
10583 1127 1
4749 123 1
4011 249 1
7906 799 1
14700 472 1
5877 558 1
1869 14 1
5084 235 1
1218 98 1
464 10 1
11908 1392 1
11892 350 1
10080 1039 1
10685 6 1
16345 2254 1
12120 18 1
15577 1512 1
11913 1393 1
10874 235 1
117 6 1
9876 1010 1
7414 66 1
12758 261 1
2313 215 1
1789 164 1
13566 1038 1
16860 90 1
2794 280 1
7550 748 1
11969 1408 1
14829 13 1
6657 23 1
9002 7 1
9607 319 1
12914 1639 1
9341 951 1
3882 402 1
471 16 1
3643 223 1
3778 384 1
12496 1533 1
12816 65 1
1973 14 1
12911 93 1
822 14 1
6830 674 1
6830 675 1
8276 218 1
8631 887 1
1708 152 1
11858 1377 1
11167 166 1
865 17 1
5539 61 1
1359 12 1
10800 1157 1
10309 15 1
2910 143 1
6831 513 1
15606 2109 1
2446 243 1
14240 526 1
10682 1149 1
1256 62 1
13430 1753 1
11269 1242 1
2817 107 1
6185 598 1
10359 141 1
12081 18 1
4566 61 1
16959 2391 1
14215 18 1
9135 243 1
7348 225 1
316 17 1
16610 2293 1
14798 1979 1
13761 1790 1
11562 859 1
3156 146 1
17031 225 1
12654 1583 1
14875 1989 1
8145 75 1
14875 1980 1
14757 1968 1
16688 2329 1
2396 233 1
1235 100 1
14376 1897 1
1646 11 1
2742 200 1
7854 163 1
11548 20 1
12273 1467 1
5960 562 1
9154 11 1
16271 75 1
12114 1439 1
13250 502 1
10752 1156 1
3290 9 1
10661 184 1
1436 131 1
12141 109 1
11871 6 1
7845 789 1
11600 6 1
1584 10 1
4526 47 1
5101 383 1
7949 809 1
12271 1481 1
6114 459 1
6730 658 1
8554 17 1
7763 776 1
3775 27 1
12628 71 1
13576 655 1
852 17 1
852 10 1
10625 1136 1
8174 839 1
8174 838 1
1793 9 1
12979 193 1
16747 2345 1
7681 75 1
2009 71 1
15182 193 1
5708 18 1
8279 16 1
9730 121 1
16689 2330 1
10267 459 1
13625 91 1
773 65 1
16802 6 1
15808 2151 1
2376 121 1
3572 76 1
11493 13 1
2428 10 2
8575 6 1
1236 101 1
7915 184 1
2509 256 1
8262 793 1
3819 15 1
9970 1028 1
8703 348 1
7541 747 1
16919 2383 1
2216 54 1
13808 1777 1
797 27 1
5808 27 1
8164 369 1
10086 816 1
7298 121 1
11873 1381 1
7298 126 1
4072 21 1
11868 1380 1
11565 15 2
10018 1034 1
10447 223 1
14296 1880 1
1666 147 1
13949 1824 1
1943 189 1
9826 988 1
5591 143 1
4532 112 1
16337 2252 1
5346 9 1
12646 1495 1
1583 45 1
171 13 1
11270 1243 1
9800 220 1
7653 747 1
7897 26 1
12586 6 1
4803 466 1
12821 1450 1
16662 232 1
12229 1461 1
11569 1322 1
2364 17 1
4998 375 1
16111 2213 1
14186 91 1
13835 502 1
11696 1349 1
11696 1348 1
10445 1107 1
15910 123 1
10638 75 1
16237 2239 1
15487 2065 1
11233 1235 1
11233 1236 1
5539 165 1
12335 905 1
16997 2399 1
14466 1910 1
2773 12 1
15510 184 1
10049 454 1
15027 196 1
12746 1573 1
8570 463 1
4610 6 1
8129 833 1
15961 1248 1
4214 236 1
15730 218 1
10824 481 1
2240 112 1
8582 93 1
2445 12 1
8351 857 1
11014 1192 1
3853 17 1
14224 18 1
218 13 1
6713 656 1
14946 112 1
246 18 1
5176 223 1
2560 6 1
6736 369 1
2068 199 1
10026 836 1
1953 13 1
7697 15 1
9414 964 1
6729 657 1
15540 2079 1
2446 61 1
11379 17 1
17216 2443 1
13000 75 1
981 14 1
11061 1201 1
10327 392 1
17400 2498 0
